instance 	 n 	 Gamma 	 Delta 	 status 	 objbound 	 objval 	 mipgap 	 runtime 
1 	 10 	 3 	 2 	 2 	 4452.87 	 4453.11 	 0.0001 	 2.27 
1 	 10 	 5 	 2 	 2 	 4985.21 	 4985.21 	 0.0000 	 2.35 
1 	 10 	 7 	 0 	 2 	 5369.00 	 5369.00 	 0.0000 	 0.01 
1 	 10 	 7 	 1 	 2 	 5369.00 	 5369.00 	 0.0000 	 2.55 
1 	 10 	 7 	 2 	 2 	 5369.00 	 5369.00 	 0.0000 	 1.98 
1 	 10 	 7 	 3 	 2 	 5369.00 	 5369.00 	 0.0000 	 2.65 
2 	 10 	 3 	 2 	 2 	 3526.25 	 3526.25 	 0.0000 	 14.27 
2 	 10 	 5 	 2 	 2 	 4374.52 	 4374.52 	 0.0000 	 2.28 
2 	 10 	 7 	 0 	 2 	 4847.00 	 4847.00 	 0.0000 	 0.01 
2 	 10 	 7 	 1 	 2 	 4847.00 	 4847.00 	 0.0000 	 2.06 
2 	 10 	 7 	 2 	 2 	 4847.00 	 4847.00 	 0.0000 	 2.13 
2 	 10 	 7 	 3 	 2 	 4847.00 	 4847.00 	 0.0000 	 2.26 
3 	 10 	 3 	 2 	 2 	 4498.80 	 4499.25 	 0.0001 	 12.76 
3 	 10 	 5 	 2 	 2 	 5285.12 	 5285.12 	 0.0000 	 15.08 
3 	 10 	 7 	 0 	 2 	 5954.00 	 5954.00 	 0.0000 	 0.02 
3 	 10 	 7 	 1 	 2 	 5877.30 	 5877.30 	 0.0000 	 3.79 
3 	 10 	 7 	 2 	 2 	 5876.77 	 5877.30 	 0.0001 	 2.69 
3 	 10 	 7 	 3 	 2 	 5877.30 	 5877.82 	 0.0001 	 2.24 
4 	 10 	 3 	 2 	 2 	 4323.29 	 4323.29 	 0.0000 	 14.50 
4 	 10 	 5 	 2 	 2 	 5005.56 	 5006.01 	 0.0001 	 11.11 
4 	 10 	 7 	 0 	 2 	 5640.00 	 5640.00 	 0.0000 	 0.03 
4 	 10 	 7 	 1 	 2 	 5582.51 	 5582.51 	 0.0000 	 3.34 
4 	 10 	 7 	 2 	 2 	 5582.51 	 5582.51 	 0.0000 	 2.42 
4 	 10 	 7 	 3 	 2 	 5582.51 	 5582.51 	 0.0000 	 3.03 
5 	 10 	 3 	 2 	 2 	 4721.38 	 4721.38 	 0.0000 	 28.06 
5 	 10 	 5 	 2 	 2 	 5578.36 	 5578.36 	 0.0000 	 2.43 
5 	 10 	 7 	 0 	 2 	 6341.38 	 6342.00 	 0.0001 	 0.01 
5 	 10 	 7 	 1 	 2 	 6298.42 	 6298.42 	 0.0000 	 2.95 
5 	 10 	 7 	 2 	 2 	 6298.42 	 6298.42 	 0.0000 	 2.72 
5 	 10 	 7 	 3 	 2 	 6298.42 	 6298.42 	 0.0000 	 10.17 
6 	 10 	 3 	 2 	 2 	 5555.67 	 5555.67 	 0.0000 	 15.66 
6 	 10 	 5 	 2 	 2 	 6007.53 	 6007.53 	 0.0000 	 2.17 
6 	 10 	 7 	 0 	 2 	 6327.00 	 6327.00 	 0.0000 	 0.01 
6 	 10 	 7 	 1 	 2 	 6323.67 	 6323.67 	 0.0000 	 3.08 
6 	 10 	 7 	 2 	 2 	 6323.67 	 6323.67 	 0.0000 	 2.40 
6 	 10 	 7 	 3 	 2 	 6323.67 	 6323.67 	 0.0000 	 2.72 
7 	 10 	 3 	 2 	 2 	 4691.45 	 4691.50 	 0.0000 	 2.13 
7 	 10 	 5 	 2 	 2 	 5328.36 	 5328.36 	 0.0000 	 5.12 
7 	 10 	 7 	 0 	 2 	 5832.00 	 5832.00 	 0.0000 	 0.02 
7 	 10 	 7 	 1 	 2 	 5806.90 	 5806.94 	 0.0000 	 2.30 
7 	 10 	 7 	 2 	 2 	 5806.94 	 5806.94 	 0.0000 	 2.32 
7 	 10 	 7 	 3 	 2 	 5806.94 	 5806.94 	 0.0000 	 2.65 
8 	 10 	 3 	 2 	 2 	 3933.30 	 3933.64 	 0.0001 	 1.92 
8 	 10 	 5 	 2 	 2 	 4781.64 	 4782.06 	 0.0001 	 2.39 
8 	 10 	 7 	 0 	 2 	 5353.00 	 5353.00 	 0.0000 	 0.03 
8 	 10 	 7 	 1 	 2 	 5320.01 	 5320.01 	 0.0000 	 2.44 
8 	 10 	 7 	 2 	 2 	 5320.01 	 5320.01 	 0.0000 	 6.56 
8 	 10 	 7 	 3 	 2 	 5319.52 	 5320.01 	 0.0001 	 3.48 
9 	 10 	 3 	 2 	 2 	 3931.72 	 3931.72 	 0.0000 	 1.88 
9 	 10 	 5 	 2 	 2 	 4431.24 	 4431.66 	 0.0001 	 2.37 
9 	 10 	 7 	 0 	 2 	 4939.00 	 4939.00 	 0.0000 	 0.02 
9 	 10 	 7 	 1 	 2 	 4894.78 	 4894.78 	 0.0000 	 1.98 
9 	 10 	 7 	 2 	 2 	 4894.78 	 4894.82 	 0.0000 	 2.20 
9 	 10 	 7 	 3 	 2 	 4894.78 	 4894.78 	 0.0000 	 2.33 
10 	 10 	 3 	 2 	 2 	 2432.43 	 2432.43 	 0.0000 	 2.42 
10 	 10 	 5 	 2 	 2 	 3101.43 	 3101.55 	 0.0000 	 17.81 
10 	 10 	 7 	 0 	 2 	 3577.00 	 3577.00 	 0.0000 	 0.01 
10 	 10 	 7 	 1 	 2 	 3577.00 	 3577.00 	 0.0000 	 2.33 
10 	 10 	 7 	 2 	 2 	 3577.00 	 3577.00 	 0.0000 	 2.09 
10 	 10 	 7 	 3 	 2 	 3577.00 	 3577.00 	 0.0000 	 2.24 
11 	 10 	 3 	 2 	 2 	 3864.65 	 3864.65 	 0.0000 	 15.20 
11 	 10 	 5 	 2 	 2 	 4623.90 	 4623.90 	 0.0000 	 13.71 
11 	 10 	 7 	 0 	 2 	 5249.00 	 5249.00 	 0.0000 	 0.02 
11 	 10 	 7 	 1 	 2 	 5219.78 	 5219.78 	 0.0000 	 1.84 
11 	 10 	 7 	 2 	 2 	 5219.78 	 5219.78 	 0.0000 	 10.98 
11 	 10 	 7 	 3 	 2 	 5219.78 	 5219.78 	 0.0000 	 11.14 
12 	 10 	 3 	 2 	 2 	 3406.58 	 3406.58 	 0.0000 	 3.23 
12 	 10 	 5 	 2 	 2 	 3970.01 	 3970.01 	 0.0000 	 2.30 
12 	 10 	 7 	 0 	 2 	 4398.00 	 4398.00 	 0.0000 	 0.01 
12 	 10 	 7 	 1 	 2 	 4398.00 	 4398.00 	 0.0000 	 2.05 
12 	 10 	 7 	 2 	 2 	 4398.00 	 4398.00 	 0.0000 	 2.02 
12 	 10 	 7 	 3 	 2 	 4398.00 	 4398.00 	 0.0000 	 2.49 
13 	 10 	 3 	 2 	 2 	 4561.17 	 4561.17 	 0.0000 	 29.05 
13 	 10 	 5 	 2 	 2 	 5488.18 	 5488.18 	 0.0000 	 17.16 
13 	 10 	 7 	 0 	 2 	 6333.00 	 6333.00 	 0.0000 	 0.04 
13 	 10 	 7 	 1 	 2 	 6205.51 	 6205.51 	 0.0000 	 8.07 
13 	 10 	 7 	 2 	 2 	 6205.51 	 6205.51 	 0.0000 	 11.62 
13 	 10 	 7 	 3 	 2 	 6205.51 	 6205.51 	 0.0000 	 13.00 
14 	 10 	 3 	 2 	 2 	 3083.00 	 3083.00 	 0.0000 	 1.73 
14 	 10 	 5 	 2 	 2 	 3324.39 	 3324.39 	 0.0000 	 1.90 
14 	 10 	 7 	 0 	 2 	 3520.00 	 3520.00 	 0.0000 	 0.01 
14 	 10 	 7 	 1 	 2 	 3520.00 	 3520.00 	 0.0000 	 2.16 
14 	 10 	 7 	 2 	 2 	 3520.00 	 3520.00 	 0.0000 	 1.97 
14 	 10 	 7 	 3 	 2 	 3520.00 	 3520.00 	 0.0000 	 2.13 
15 	 10 	 3 	 2 	 2 	 4734.71 	 4734.71 	 0.0000 	 2.19 
15 	 10 	 5 	 2 	 2 	 5204.87 	 5204.87 	 0.0000 	 1.92 
15 	 10 	 7 	 0 	 2 	 5551.00 	 5551.00 	 0.0000 	 0.01 
15 	 10 	 7 	 1 	 2 	 5551.00 	 5551.00 	 0.0000 	 2.18 
15 	 10 	 7 	 2 	 2 	 5551.00 	 5551.00 	 0.0000 	 1.91 
15 	 10 	 7 	 3 	 2 	 5551.00 	 5551.00 	 0.0000 	 10.24 
16 	 10 	 3 	 2 	 2 	 3458.07 	 3458.07 	 0.0000 	 2.00 
16 	 10 	 5 	 2 	 2 	 4021.88 	 4022.25 	 0.0001 	 2.72 
16 	 10 	 7 	 0 	 2 	 4466.00 	 4466.00 	 0.0000 	 0.02 
16 	 10 	 7 	 1 	 2 	 4459.99 	 4459.99 	 0.0000 	 2.62 
16 	 10 	 7 	 2 	 2 	 4459.99 	 4459.99 	 0.0000 	 2.15 
16 	 10 	 7 	 3 	 2 	 4459.99 	 4459.99 	 0.0000 	 2.36 
17 	 10 	 3 	 2 	 2 	 4026.58 	 4026.58 	 0.0000 	 2.95 
17 	 10 	 5 	 2 	 2 	 4456.27 	 4456.42 	 0.0000 	 2.24 
17 	 10 	 7 	 0 	 2 	 4817.00 	 4817.00 	 0.0000 	 0.01 
17 	 10 	 7 	 1 	 2 	 4817.00 	 4817.00 	 0.0000 	 2.00 
17 	 10 	 7 	 2 	 2 	 4817.00 	 4817.00 	 0.0000 	 2.16 
17 	 10 	 7 	 3 	 2 	 4817.00 	 4817.00 	 0.0000 	 2.21 
18 	 10 	 3 	 2 	 2 	 4468.17 	 4468.17 	 0.0000 	 2.21 
18 	 10 	 5 	 2 	 2 	 5153.93 	 5153.93 	 0.0000 	 19.09 
18 	 10 	 7 	 0 	 2 	 5839.00 	 5839.00 	 0.0000 	 0.03 
18 	 10 	 7 	 1 	 2 	 5779.36 	 5779.36 	 0.0000 	 3.00 
18 	 10 	 7 	 2 	 2 	 5779.36 	 5779.36 	 0.0000 	 2.97 
18 	 10 	 7 	 3 	 2 	 5779.36 	 5779.36 	 0.0000 	 14.43 
19 	 10 	 3 	 2 	 2 	 2670.31 	 2670.31 	 0.0000 	 3.88 
19 	 10 	 5 	 2 	 2 	 3260.78 	 3260.78 	 0.0000 	 10.36 
19 	 10 	 7 	 0 	 2 	 3684.00 	 3684.00 	 0.0000 	 0.02 
19 	 10 	 7 	 1 	 2 	 3656.61 	 3656.61 	 0.0000 	 3.79 
19 	 10 	 7 	 2 	 2 	 3656.61 	 3656.61 	 0.0000 	 2.37 
19 	 10 	 7 	 3 	 2 	 3656.61 	 3656.61 	 0.0000 	 8.96 
20 	 10 	 3 	 2 	 2 	 2589.80 	 2589.80 	 0.0000 	 2.15 
20 	 10 	 5 	 2 	 2 	 3174.68 	 3174.68 	 0.0000 	 1.91 
20 	 10 	 7 	 0 	 2 	 3557.00 	 3557.00 	 0.0000 	 0.01 
20 	 10 	 7 	 1 	 2 	 3556.14 	 3556.14 	 0.0000 	 2.21 
20 	 10 	 7 	 2 	 2 	 3556.14 	 3556.14 	 0.0000 	 2.04 
20 	 10 	 7 	 3 	 2 	 3556.14 	 3556.14 	 0.0000 	 13.33 
1 	 15 	 3 	 2 	 2 	 8178.40 	 8178.40 	 0.0000 	 53.27 
1 	 15 	 5 	 2 	 2 	 9421.27 	 9421.27 	 0.0000 	 65.22 
1 	 15 	 7 	 0 	 2 	 10419.00 	 10419.00 	 0.0000 	 0.09 
1 	 15 	 7 	 1 	 2 	 10343.34 	 10343.34 	 0.0000 	 84.21 
1 	 15 	 7 	 2 	 2 	 10343.34 	 10343.34 	 0.0000 	 56.91 
1 	 15 	 7 	 3 	 2 	 10343.34 	 10343.34 	 0.0000 	 66.26 
2 	 15 	 3 	 2 	 2 	 7050.55 	 7050.55 	 0.0000 	 50.52 
2 	 15 	 5 	 2 	 2 	 8354.69 	 8355.46 	 0.0001 	 133.18 
2 	 15 	 7 	 0 	 2 	 9536.00 	 9536.00 	 0.0000 	 0.39 
2 	 15 	 7 	 1 	 2 	 9410.01 	 9410.01 	 0.0000 	 61.97 
2 	 15 	 7 	 2 	 2 	 9410.01 	 9410.01 	 0.0000 	 68.16 
2 	 15 	 7 	 3 	 2 	 9410.01 	 9410.01 	 0.0000 	 71.20 
3 	 15 	 3 	 2 	 2 	 7832.55 	 7832.74 	 0.0000 	 61.27 
3 	 15 	 5 	 2 	 2 	 9035.67 	 9035.67 	 0.0000 	 58.41 
3 	 15 	 7 	 0 	 2 	 10226.00 	 10226.00 	 0.0000 	 0.20 
3 	 15 	 7 	 1 	 2 	 10058.12 	 10058.44 	 0.0000 	 76.92 
3 	 15 	 7 	 2 	 2 	 10058.44 	 10058.44 	 0.0000 	 60.81 
3 	 15 	 7 	 3 	 2 	 10058.44 	 10058.44 	 0.0000 	 67.62 
4 	 15 	 3 	 2 	 2 	 10570.71 	 10570.93 	 0.0000 	 74.08 
4 	 15 	 5 	 2 	 2 	 11577.31 	 11577.31 	 0.0000 	 65.20 
4 	 15 	 7 	 0 	 2 	 12469.00 	 12469.00 	 0.0000 	 0.05 
4 	 15 	 7 	 1 	 2 	 12379.02 	 12380.25 	 0.0001 	 79.05 
4 	 15 	 7 	 2 	 2 	 12380.25 	 12380.25 	 0.0000 	 65.25 
4 	 15 	 7 	 3 	 2 	 12380.25 	 12380.25 	 0.0000 	 65.54 
5 	 15 	 3 	 2 	 2 	 7984.44 	 7984.44 	 0.0000 	 43.24 
5 	 15 	 5 	 2 	 2 	 9252.22 	 9252.22 	 0.0000 	 62.36 
5 	 15 	 7 	 0 	 2 	 10297.39 	 10298.00 	 0.0001 	 0.16 
5 	 15 	 7 	 1 	 2 	 10268.33 	 10268.33 	 0.0000 	 57.74 
5 	 15 	 7 	 2 	 2 	 10267.47 	 10268.33 	 0.0001 	 48.93 
5 	 15 	 7 	 3 	 2 	 10268.33 	 10268.33 	 0.0000 	 49.56 
6 	 15 	 3 	 2 	 2 	 7732.80 	 7733.15 	 0.0000 	 53.66 
6 	 15 	 5 	 2 	 2 	 8652.98 	 8652.98 	 0.0000 	 59.80 
6 	 15 	 7 	 0 	 2 	 9464.00 	 9464.00 	 0.0000 	 0.21 
6 	 15 	 7 	 1 	 2 	 9338.79 	 9338.79 	 0.0000 	 91.77 
6 	 15 	 7 	 2 	 2 	 9338.79 	 9338.79 	 0.0000 	 17.23 
6 	 15 	 7 	 3 	 2 	 9338.79 	 9338.79 	 0.0000 	 76.91 
7 	 15 	 3 	 2 	 2 	 5192.98 	 5192.98 	 0.0000 	 61.19 
7 	 15 	 5 	 2 	 2 	 6400.91 	 6400.91 	 0.0000 	 52.64 
7 	 15 	 7 	 0 	 2 	 7679.00 	 7679.00 	 0.0000 	 0.17 
7 	 15 	 7 	 1 	 2 	 7566.14 	 7566.14 	 0.0000 	 65.59 
7 	 15 	 7 	 2 	 2 	 7566.14 	 7566.14 	 0.0000 	 49.53 
7 	 15 	 7 	 3 	 2 	 7566.14 	 7566.14 	 0.0000 	 51.12 
8 	 15 	 3 	 2 	 2 	 6150.80 	 6151.13 	 0.0001 	 49.06 
8 	 15 	 5 	 2 	 2 	 7026.81 	 7026.81 	 0.0000 	 47.82 
8 	 15 	 7 	 0 	 2 	 7798.00 	 7798.00 	 0.0000 	 0.05 
8 	 15 	 7 	 1 	 2 	 7717.32 	 7717.32 	 0.0000 	 82.02 
8 	 15 	 7 	 2 	 2 	 7717.32 	 7717.32 	 0.0000 	 50.81 
8 	 15 	 7 	 3 	 2 	 7717.32 	 7717.82 	 0.0001 	 65.36 
9 	 15 	 3 	 2 	 2 	 6834.92 	 6834.92 	 0.0000 	 53.14 
9 	 15 	 5 	 2 	 2 	 8046.77 	 8047.54 	 0.0001 	 60.32 
9 	 15 	 7 	 0 	 2 	 9218.00 	 9218.00 	 0.0000 	 0.56 
9 	 15 	 7 	 1 	 9 	 8999.71 	 9001.24 	 0.0002 	 600.03 
9 	 15 	 7 	 2 	 2 	 8999.38 	 8999.71 	 0.0000 	 66.36 
9 	 15 	 7 	 3 	 2 	 8999.71 	 8999.71 	 0.0000 	 70.88 
10 	 15 	 3 	 2 	 2 	 8453.22 	 8453.76 	 0.0001 	 51.37 
10 	 15 	 5 	 2 	 2 	 9049.84 	 9049.84 	 0.0000 	 56.66 
10 	 15 	 7 	 0 	 2 	 9560.53 	 9561.00 	 0.0000 	 0.04 
10 	 15 	 7 	 1 	 2 	 9522.27 	 9522.27 	 0.0000 	 32.99 
10 	 15 	 7 	 2 	 2 	 9521.60 	 9522.27 	 0.0001 	 75.97 
10 	 15 	 7 	 3 	 2 	 9522.27 	 9522.27 	 0.0000 	 57.56 
11 	 15 	 3 	 2 	 2 	 7641.90 	 7641.90 	 0.0000 	 59.12 
11 	 15 	 5 	 2 	 2 	 8684.00 	 8684.85 	 0.0001 	 55.45 
11 	 15 	 7 	 0 	 2 	 9703.00 	 9703.00 	 0.0000 	 0.20 
11 	 15 	 7 	 1 	 2 	 9573.76 	 9574.35 	 0.0001 	 70.05 
11 	 15 	 7 	 2 	 2 	 9574.26 	 9574.26 	 0.0000 	 59.78 
11 	 15 	 7 	 3 	 2 	 9573.34 	 9574.26 	 0.0001 	 18.07 
12 	 15 	 3 	 2 	 2 	 7195.88 	 7195.98 	 0.0000 	 42.36 
12 	 15 	 5 	 2 	 2 	 7956.34 	 7956.34 	 0.0000 	 57.94 
12 	 15 	 7 	 0 	 2 	 8706.50 	 8707.00 	 0.0001 	 0.04 
12 	 15 	 7 	 1 	 2 	 8626.54 	 8627.18 	 0.0001 	 92.08 
12 	 15 	 7 	 2 	 2 	 8627.18 	 8627.18 	 0.0000 	 78.26 
12 	 15 	 7 	 3 	 2 	 8627.18 	 8627.18 	 0.0000 	 16.04 
13 	 15 	 3 	 2 	 2 	 4826.03 	 4826.03 	 0.0000 	 41.09 
13 	 15 	 5 	 2 	 2 	 5852.65 	 5852.65 	 0.0000 	 49.92 
13 	 15 	 7 	 0 	 2 	 6616.37 	 6617.00 	 0.0001 	 0.05 
13 	 15 	 7 	 1 	 2 	 6604.12 	 6604.12 	 0.0000 	 30.05 
13 	 15 	 7 	 2 	 2 	 6604.12 	 6604.12 	 0.0000 	 49.34 
13 	 15 	 7 	 3 	 2 	 6604.12 	 6604.12 	 0.0000 	 12.99 
14 	 15 	 3 	 2 	 2 	 6068.34 	 6068.34 	 0.0000 	 55.48 
14 	 15 	 5 	 2 	 2 	 7265.94 	 7265.94 	 0.0000 	 46.30 
14 	 15 	 7 	 0 	 2 	 8232.00 	 8232.00 	 0.0000 	 0.21 
14 	 15 	 7 	 1 	 2 	 8152.38 	 8152.38 	 0.0000 	 74.03 
14 	 15 	 7 	 2 	 2 	 8152.38 	 8152.38 	 0.0000 	 69.17 
14 	 15 	 7 	 3 	 2 	 8152.38 	 8152.38 	 0.0000 	 16.32 
15 	 15 	 3 	 2 	 2 	 6206.14 	 6206.14 	 0.0000 	 35.08 
15 	 15 	 5 	 2 	 2 	 7118.89 	 7119.25 	 0.0000 	 71.91 
15 	 15 	 7 	 0 	 2 	 7938.00 	 7938.00 	 0.0000 	 0.08 
15 	 15 	 7 	 1 	 2 	 7917.96 	 7917.96 	 0.0000 	 64.69 
15 	 15 	 7 	 2 	 2 	 7917.96 	 7917.96 	 0.0000 	 50.42 
15 	 15 	 7 	 3 	 2 	 7917.96 	 7917.96 	 0.0000 	 14.77 
16 	 15 	 3 	 2 	 2 	 6483.31 	 6483.42 	 0.0000 	 46.43 
16 	 15 	 5 	 2 	 2 	 7206.66 	 7206.66 	 0.0000 	 113.27 
16 	 15 	 7 	 0 	 2 	 7827.00 	 7827.00 	 0.0000 	 0.03 
16 	 15 	 7 	 1 	 2 	 7817.69 	 7817.69 	 0.0000 	 64.11 
16 	 15 	 7 	 2 	 2 	 7817.69 	 7817.69 	 0.0000 	 75.80 
16 	 15 	 7 	 3 	 2 	 7817.69 	 7817.69 	 0.0000 	 62.14 
17 	 15 	 3 	 2 	 2 	 6054.21 	 6054.75 	 0.0001 	 47.54 
17 	 15 	 5 	 2 	 2 	 7000.05 	 7000.16 	 0.0000 	 38.34 
17 	 15 	 7 	 0 	 2 	 7836.00 	 7836.00 	 0.0000 	 0.05 
17 	 15 	 7 	 1 	 2 	 7766.67 	 7766.67 	 0.0000 	 25.05 
17 	 15 	 7 	 2 	 2 	 7766.67 	 7766.67 	 0.0000 	 50.79 
17 	 15 	 7 	 3 	 2 	 7766.67 	 7766.67 	 0.0000 	 13.54 
18 	 15 	 3 	 2 	 2 	 8180.43 	 8180.43 	 0.0000 	 45.69 
18 	 15 	 5 	 2 	 2 	 9082.97 	 9082.97 	 0.0000 	 48.60 
18 	 15 	 7 	 0 	 2 	 9863.00 	 9863.00 	 0.0000 	 0.05 
18 	 15 	 7 	 1 	 2 	 9776.76 	 9776.76 	 0.0000 	 78.23 
18 	 15 	 7 	 2 	 2 	 9776.76 	 9776.76 	 0.0000 	 55.34 
18 	 15 	 7 	 3 	 2 	 9776.76 	 9777.13 	 0.0000 	 15.28 
19 	 15 	 3 	 2 	 2 	 8230.04 	 8230.04 	 0.0000 	 44.33 
19 	 15 	 5 	 2 	 2 	 9169.41 	 9169.41 	 0.0000 	 47.53 
19 	 15 	 7 	 0 	 2 	 10088.00 	 10088.00 	 0.0000 	 0.24 
19 	 15 	 7 	 1 	 2 	 9939.63 	 9939.63 	 0.0000 	 86.07 
19 	 15 	 7 	 2 	 2 	 9939.64 	 9939.64 	 0.0000 	 59.37 
19 	 15 	 7 	 3 	 2 	 9939.64 	 9939.64 	 0.0000 	 14.23 
20 	 15 	 3 	 2 	 2 	 6428.43 	 6428.43 	 0.0000 	 49.46 
20 	 15 	 5 	 2 	 2 	 7392.52 	 7392.52 	 0.0000 	 60.97 
20 	 15 	 7 	 0 	 2 	 8397.00 	 8397.00 	 0.0000 	 0.21 
20 	 15 	 7 	 1 	 2 	 8261.94 	 8261.94 	 0.0000 	 133.75 
20 	 15 	 7 	 2 	 2 	 8260.13 	 8260.13 	 0.0000 	 73.27 
20 	 15 	 7 	 3 	 2 	 8260.13 	 8260.13 	 0.0000 	 22.08 
1 	 20 	 3 	 2 	 2 	 11434.17 	 11434.17 	 0.0000 	 338.11 
1 	 20 	 5 	 2 	 2 	 13125.07 	 13125.07 	 0.0000 	 354.51 
1 	 20 	 7 	 0 	 2 	 14742.00 	 14742.00 	 0.0000 	 0.55 
1 	 20 	 7 	 1 	 9 	 14579.04 	 14656.01 	 0.0053 	 600.02 
1 	 20 	 7 	 2 	 2 	 14656.01 	 14656.01 	 0.0000 	 521.62 
1 	 20 	 7 	 3 	 2 	 14656.01 	 14656.01 	 0.0000 	 529.99 
2 	 20 	 3 	 2 	 2 	 12966.46 	 12966.46 	 0.0000 	 336.33 
2 	 20 	 5 	 2 	 2 	 14543.79 	 14543.99 	 0.0000 	 385.79 
2 	 20 	 7 	 0 	 2 	 16244.00 	 16244.00 	 0.0000 	 2.11 
2 	 20 	 7 	 1 	 9 	 16046.42 	 16049.10 	 0.0002 	 600.03 
2 	 20 	 7 	 2 	 2 	 16046.28 	 16046.42 	 0.0000 	 457.64 
2 	 20 	 7 	 3 	 2 	 16046.28 	 16046.42 	 0.0000 	 448.56 
3 	 20 	 3 	 2 	 2 	 15753.72 	 15754.14 	 0.0000 	 238.31 
3 	 20 	 5 	 2 	 2 	 17521.55 	 17522.61 	 0.0001 	 379.80 
3 	 20 	 7 	 0 	 2 	 19164.00 	 19164.00 	 0.0000 	 4.38 
3 	 20 	 7 	 1 	 9 	 18882.55 	 18902.15 	 0.0010 	 600.02 
3 	 20 	 7 	 2 	 2 	 18901.15 	 18902.15 	 0.0001 	 559.43 
3 	 20 	 7 	 3 	 2 	 18900.35 	 18902.15 	 0.0001 	 552.48 
4 	 20 	 3 	 2 	 2 	 12562.35 	 12563.08 	 0.0001 	 583.24 
4 	 20 	 5 	 2 	 2 	 14498.25 	 14498.55 	 0.0000 	 312.17 
4 	 20 	 7 	 0 	 2 	 16011.00 	 16011.00 	 0.0000 	 1.19 
4 	 20 	 7 	 1 	 9 	 15925.01 	 15932.22 	 0.0005 	 600.01 
4 	 20 	 7 	 2 	 2 	 15930.64 	 15932.22 	 0.0001 	 396.12 
4 	 20 	 7 	 3 	 2 	 15931.97 	 15932.22 	 0.0000 	 489.82 
5 	 20 	 3 	 2 	 2 	 8661.88 	 8661.88 	 0.0000 	 397.51 
5 	 20 	 5 	 2 	 2 	 10213.64 	 10213.64 	 0.0000 	 311.39 
5 	 20 	 7 	 0 	 2 	 11559.00 	 11559.00 	 0.0000 	 0.83 
5 	 20 	 7 	 1 	 9 	 11430.32 	 11448.71 	 0.0016 	 600.10 
5 	 20 	 7 	 2 	 2 	 11447.31 	 11447.31 	 0.0000 	 401.73 
5 	 20 	 7 	 3 	 2 	 11447.31 	 11447.31 	 0.0000 	 382.02 
6 	 20 	 3 	 2 	 2 	 10390.98 	 10391.98 	 0.0001 	 329.48 
6 	 20 	 5 	 2 	 2 	 11882.06 	 11882.06 	 0.0000 	 400.72 
6 	 20 	 7 	 0 	 2 	 13412.00 	 13412.00 	 0.0000 	 1.27 
6 	 20 	 7 	 1 	 2 	 13166.96 	 13167.28 	 0.0000 	 496.82 
6 	 20 	 7 	 2 	 2 	 13166.96 	 13166.96 	 0.0000 	 442.54 
6 	 20 	 7 	 3 	 2 	 13166.96 	 13166.96 	 0.0000 	 406.67 
7 	 20 	 3 	 2 	 2 	 10917.13 	 10917.13 	 0.0000 	 343.36 
7 	 20 	 5 	 2 	 2 	 12524.49 	 12524.49 	 0.0000 	 394.16 
7 	 20 	 7 	 0 	 2 	 13858.00 	 13858.00 	 0.0000 	 0.86 
7 	 20 	 7 	 1 	 9 	 13654.08 	 13672.73 	 0.0014 	 600.03 
7 	 20 	 7 	 2 	 2 	 13671.56 	 13671.56 	 0.0000 	 425.27 
7 	 20 	 7 	 3 	 2 	 13671.56 	 13671.56 	 0.0000 	 425.44 
8 	 20 	 3 	 2 	 2 	 12413.75 	 12413.77 	 0.0000 	 297.50 
8 	 20 	 5 	 2 	 2 	 13726.75 	 13726.75 	 0.0000 	 302.14 
8 	 20 	 7 	 0 	 2 	 14821.00 	 14821.00 	 0.0000 	 0.43 
8 	 20 	 7 	 1 	 2 	 14746.76 	 14747.26 	 0.0000 	 370.26 
8 	 20 	 7 	 2 	 2 	 14747.26 	 14747.26 	 0.0000 	 328.06 
8 	 20 	 7 	 3 	 2 	 14747.26 	 14747.26 	 0.0000 	 334.71 
9 	 20 	 3 	 2 	 2 	 12849.28 	 12849.28 	 0.0000 	 377.47 
9 	 20 	 5 	 2 	 2 	 14250.95 	 14250.95 	 0.0000 	 494.09 
9 	 20 	 7 	 0 	 2 	 15507.00 	 15507.00 	 0.0000 	 0.42 
9 	 20 	 7 	 1 	 9 	 15285.17 	 15312.73 	 0.0018 	 600.03 
9 	 20 	 7 	 2 	 2 	 15312.73 	 15312.73 	 0.0000 	 552.14 
9 	 20 	 7 	 3 	 2 	 15312.73 	 15312.73 	 0.0000 	 507.73 
10 	 20 	 3 	 2 	 2 	 7104.96 	 7105.25 	 0.0000 	 309.87 
10 	 20 	 5 	 2 	 2 	 8457.01 	 8457.01 	 0.0000 	 358.72 
10 	 20 	 7 	 0 	 2 	 9717.00 	 9717.00 	 0.0000 	 0.50 
10 	 20 	 7 	 1 	 9 	 9643.27 	 9657.70 	 0.0015 	 600.02 
10 	 20 	 7 	 2 	 2 	 9657.54 	 9657.66 	 0.0000 	 369.07 
10 	 20 	 7 	 3 	 2 	 9657.66 	 9657.66 	 0.0000 	 354.13 
11 	 20 	 3 	 2 	 2 	 9694.98 	 9695.69 	 0.0001 	 341.21 
11 	 20 	 5 	 2 	 2 	 11085.15 	 11085.15 	 0.0000 	 348.43 
11 	 20 	 7 	 0 	 2 	 12382.00 	 12382.00 	 0.0000 	 0.95 
11 	 20 	 7 	 1 	 9 	 12064.79 	 12263.32 	 0.0162 	 600.02 
11 	 20 	 7 	 2 	 9 	 12261.13 	 12263.22 	 0.0002 	 600.03 
11 	 20 	 7 	 3 	 2 	 12263.22 	 12263.22 	 0.0000 	 358.65 
12 	 20 	 3 	 2 	 2 	 10962.33 	 10962.33 	 0.0000 	 276.10 
12 	 20 	 5 	 2 	 2 	 12228.70 	 12228.70 	 0.0000 	 326.01 
12 	 20 	 7 	 0 	 2 	 13277.08 	 13278.00 	 0.0001 	 0.17 
12 	 20 	 7 	 1 	 9 	 13157.73 	 13247.41 	 0.0068 	 600.01 
12 	 20 	 7 	 2 	 2 	 13247.41 	 13247.41 	 0.0000 	 264.94 
12 	 20 	 7 	 3 	 2 	 13247.41 	 13247.41 	 0.0000 	 312.84 
13 	 20 	 3 	 2 	 2 	 9636.83 	 9637.49 	 0.0001 	 321.60 
13 	 20 	 5 	 2 	 2 	 10867.70 	 10867.70 	 0.0000 	 312.30 
13 	 20 	 7 	 0 	 2 	 12105.00 	 12105.00 	 0.0000 	 0.62 
13 	 20 	 7 	 1 	 9 	 11989.71 	 12014.09 	 0.0020 	 600.02 
13 	 20 	 7 	 2 	 2 	 12014.09 	 12014.09 	 0.0000 	 334.19 
13 	 20 	 7 	 3 	 2 	 12014.09 	 12014.09 	 0.0000 	 287.74 
14 	 20 	 3 	 2 	 2 	 14273.73 	 14275.06 	 0.0001 	 382.35 
14 	 20 	 5 	 2 	 2 	 15770.76 	 15770.76 	 0.0000 	 428.65 
14 	 20 	 7 	 0 	 2 	 17149.00 	 17149.00 	 0.0000 	 1.52 
14 	 20 	 7 	 1 	 9 	 16979.27 	 16981.47 	 0.0001 	 600.02 
14 	 20 	 7 	 2 	 2 	 16979.34 	 16979.34 	 0.0000 	 527.85 
14 	 20 	 7 	 3 	 9 	 16930.01 	 16979.35 	 0.0029 	 600.04 
15 	 20 	 3 	 2 	 2 	 10886.03 	 10886.03 	 0.0000 	 343.53 
15 	 20 	 5 	 2 	 2 	 12148.09 	 12148.09 	 0.0000 	 409.68 
15 	 20 	 7 	 0 	 2 	 13469.00 	 13469.00 	 0.0000 	 1.26 
15 	 20 	 7 	 1 	 9 	 13317.12 	 13322.46 	 0.0004 	 600.04 
15 	 20 	 7 	 2 	 2 	 13319.49 	 13319.49 	 0.0000 	 465.25 
15 	 20 	 7 	 3 	 2 	 13319.49 	 13319.49 	 0.0000 	 462.04 
16 	 20 	 3 	 2 	 2 	 13138.44 	 13138.44 	 0.0000 	 313.87 
16 	 20 	 5 	 2 	 2 	 15005.71 	 15005.71 	 0.0000 	 459.56 
16 	 20 	 7 	 0 	 2 	 17005.00 	 17005.00 	 0.0000 	 5.96 
16 	 20 	 7 	 1 	 9 	 16474.29 	 16636.42 	 0.0097 	 600.10 
16 	 20 	 7 	 2 	 2 	 16629.19 	 16629.19 	 0.0000 	 516.06 
16 	 20 	 7 	 3 	 2 	 16629.19 	 16629.19 	 0.0000 	 529.09 
17 	 20 	 3 	 2 	 2 	 13358.46 	 13358.46 	 0.0000 	 354.53 
17 	 20 	 5 	 2 	 2 	 15170.96 	 15170.96 	 0.0000 	 432.58 
17 	 20 	 7 	 0 	 2 	 16914.00 	 16914.00 	 0.0000 	 1.85 
17 	 20 	 7 	 1 	 9 	 16469.71 	 16648.02 	 0.0107 	 600.05 
17 	 20 	 7 	 2 	 2 	 16645.08 	 16646.08 	 0.0001 	 502.36 
17 	 20 	 7 	 3 	 2 	 16646.08 	 16646.08 	 0.0000 	 557.27 
18 	 20 	 3 	 2 	 2 	 10057.87 	 10058.06 	 0.0000 	 300.29 
18 	 20 	 5 	 2 	 2 	 11426.83 	 11426.83 	 0.0000 	 332.34 
18 	 20 	 7 	 0 	 2 	 12769.00 	 12769.00 	 0.0000 	 0.85 
18 	 20 	 7 	 1 	 9 	 12678.89 	 12690.86 	 0.0009 	 600.04 
18 	 20 	 7 	 2 	 2 	 12690.86 	 12690.86 	 0.0000 	 452.26 
18 	 20 	 7 	 3 	 2 	 12690.86 	 12690.86 	 0.0000 	 416.59 
19 	 20 	 3 	 2 	 2 	 13024.18 	 13024.18 	 0.0000 	 373.25 
19 	 20 	 5 	 2 	 2 	 14377.05 	 14377.05 	 0.0000 	 384.87 
19 	 20 	 7 	 0 	 2 	 15708.17 	 15709.00 	 0.0001 	 0.35 
19 	 20 	 7 	 1 	 9 	 15534.94 	 15662.88 	 0.0082 	 600.01 
19 	 20 	 7 	 2 	 2 	 15662.88 	 15662.88 	 0.0000 	 426.57 
19 	 20 	 7 	 3 	 2 	 15662.88 	 15662.88 	 0.0000 	 427.22 
20 	 20 	 3 	 2 	 2 	 16193.85 	 16193.85 	 0.0000 	 321.25 
20 	 20 	 5 	 2 	 2 	 17530.85 	 17530.85 	 0.0000 	 425.47 
20 	 20 	 7 	 0 	 2 	 18898.00 	 18898.00 	 0.0000 	 3.60 
20 	 20 	 7 	 1 	 9 	 18641.61 	 18663.15 	 0.0012 	 600.04 
20 	 20 	 7 	 2 	 2 	 18657.76 	 18657.76 	 0.0000 	 521.77 
20 	 20 	 7 	 3 	 2 	 18657.76 	 18657.76 	 0.0000 	 485.34 
