instance 	 n 	 Gamma 	 Delta 	 K 	 status 	 objbound 	 objval 	 mipgap 	 runtime 
1 	 10 	 3 	 2 	 2 	 9 	  0.00 	 4463.78 	 1.0000 	 600.01 
1 	 10 	 5 	 2 	 2 	 9 	  0.00 	 4985.86 	 1.0000 	 600.01 
1 	 10 	 7 	 0 	 2 	 2 	  5369.00 	 5369.00 	 0.0000 	 0.17 
1 	 10 	 7 	 1 	 2 	 9 	  0.00 	 5369.00 	 1.0000 	 600.02 
1 	 10 	 7 	 2 	 2 	 9 	  0.00 	 5369.00 	 1.0000 	 600.01 
1 	 10 	 7 	 3 	 2 	 9 	  0.00 	 5369.00 	 1.0000 	 600.02 
2 	 10 	 3 	 2 	 2 	 9 	  0.00 	 3539.04 	 1.0000 	 600.02 
2 	 10 	 5 	 2 	 2 	 9 	  0.00 	 4380.27 	 1.0000 	 600.02 
2 	 10 	 7 	 0 	 2 	 2 	  4847.00 	 4847.00 	 0.0000 	 0.17 
2 	 10 	 7 	 1 	 2 	 9 	  0.00 	 4847.00 	 1.0000 	 600.01 
2 	 10 	 7 	 2 	 2 	 9 	  0.00 	 4847.00 	 1.0000 	 600.01 
2 	 10 	 7 	 3 	 2 	 9 	  0.00 	 4847.00 	 1.0000 	 600.01 
3 	 10 	 3 	 2 	 2 	 9 	  0.00 	 4511.49 	 1.0000 	 600.04 
3 	 10 	 5 	 2 	 2 	 9 	  0.00 	 5302.69 	 1.0000 	 600.01 
3 	 10 	 7 	 0 	 2 	 2 	  5954.00 	 5954.00 	 0.0000 	 0.53 
3 	 10 	 7 	 1 	 2 	 9 	  0.00 	 5888.49 	 1.0000 	 600.03 
3 	 10 	 7 	 2 	 2 	 9 	  0.00 	 5886.35 	 1.0000 	 600.01 
3 	 10 	 7 	 3 	 2 	 9 	  0.00 	 5886.35 	 1.0000 	 600.02 
4 	 10 	 3 	 2 	 2 	 9 	  0.00 	 4341.82 	 1.0000 	 600.02 
4 	 10 	 5 	 2 	 2 	 9 	  0.00 	 5022.17 	 1.0000 	 600.02 
4 	 10 	 7 	 0 	 2 	 2 	  5640.00 	 5640.00 	 0.0000 	 0.39 
4 	 10 	 7 	 1 	 2 	 9 	  0.00 	 5589.56 	 1.0000 	 600.02 
4 	 10 	 7 	 2 	 2 	 9 	  0.00 	 5589.57 	 1.0000 	 600.02 
4 	 10 	 7 	 3 	 2 	 9 	  0.00 	 5589.56 	 1.0000 	 600.01 
5 	 10 	 3 	 2 	 2 	 9 	  0.00 	 4734.24 	 1.0000 	 600.03 
5 	 10 	 5 	 2 	 2 	 9 	  0.00 	 5603.86 	 1.0000 	 600.11 
5 	 10 	 7 	 0 	 2 	 2 	  6342.00 	 6342.00 	 0.0000 	 0.39 
5 	 10 	 7 	 1 	 2 	 9 	  0.00 	 6300.07 	 1.0000 	 600.01 
5 	 10 	 7 	 2 	 2 	 9 	  0.00 	 6300.07 	 1.0000 	 600.02 
5 	 10 	 7 	 3 	 2 	 9 	  0.00 	 6300.07 	 1.0000 	 600.02 
6 	 10 	 3 	 2 	 2 	 9 	  0.00 	 5564.37 	 1.0000 	 600.01 
6 	 10 	 5 	 2 	 2 	 9 	  0.00 	 6010.28 	 1.0000 	 600.05 
6 	 10 	 7 	 0 	 2 	 2 	  6327.00 	 6327.00 	 0.0000 	 0.17 
6 	 10 	 7 	 1 	 2 	 9 	  0.00 	 6323.67 	 1.0000 	 600.01 
6 	 10 	 7 	 2 	 2 	 9 	  0.00 	 6323.66 	 1.0000 	 600.01 
6 	 10 	 7 	 3 	 2 	 9 	  0.00 	 6323.67 	 1.0000 	 600.02 
7 	 10 	 3 	 2 	 2 	 9 	  0.00 	 4697.25 	 1.0000 	 600.03 
7 	 10 	 5 	 2 	 2 	 9 	  0.00 	 5334.09 	 1.0000 	 600.03 
7 	 10 	 7 	 0 	 2 	 2 	  5832.00 	 5832.00 	 0.0000 	 0.16 
7 	 10 	 7 	 1 	 2 	 9 	  0.00 	 5809.17 	 1.0000 	 600.02 
7 	 10 	 7 	 2 	 2 	 9 	  0.00 	 5809.17 	 1.0000 	 600.01 
7 	 10 	 7 	 3 	 2 	 9 	  0.00 	 5809.17 	 1.0000 	 600.03 
8 	 10 	 3 	 2 	 2 	 9 	  0.00 	 3937.04 	 1.0000 	 600.03 
8 	 10 	 5 	 2 	 2 	 9 	  0.00 	 4787.41 	 1.0000 	 600.02 
8 	 10 	 7 	 0 	 2 	 2 	  5353.00 	 5353.00 	 0.0000 	 0.33 
8 	 10 	 7 	 1 	 2 	 9 	  0.00 	 5328.79 	 1.0000 	 600.01 
8 	 10 	 7 	 2 	 2 	 9 	  0.00 	 5326.01 	 1.0000 	 600.02 
8 	 10 	 7 	 3 	 2 	 9 	  0.00 	 5323.72 	 1.0000 	 600.02 
9 	 10 	 3 	 2 	 2 	 9 	  0.00 	 3938.12 	 1.0000 	 600.02 
9 	 10 	 5 	 2 	 2 	 9 	  0.00 	 4433.74 	 1.0000 	 600.01 
9 	 10 	 7 	 0 	 2 	 2 	  4939.00 	 4939.00 	 0.0000 	 0.38 
9 	 10 	 7 	 1 	 2 	 9 	  0.00 	 4896.91 	 1.0000 	 600.01 
9 	 10 	 7 	 2 	 2 	 9 	  0.00 	 4896.90 	 1.0000 	 600.01 
9 	 10 	 7 	 3 	 2 	 9 	  0.00 	 4896.91 	 1.0000 	 600.01 
10 	 10 	 3 	 2 	 2 	 9 	  0.00 	 2434.46 	 1.0000 	 600.02 
10 	 10 	 5 	 2 	 2 	 9 	  0.00 	 3103.72 	 1.0000 	 600.02 
10 	 10 	 7 	 0 	 2 	 2 	  3577.00 	 3577.00 	 0.0000 	 0.14 
10 	 10 	 7 	 1 	 2 	 9 	  0.00 	 3577.00 	 1.0000 	 600.03 
10 	 10 	 7 	 2 	 2 	 9 	  0.00 	 3577.00 	 1.0000 	 600.02 
10 	 10 	 7 	 3 	 2 	 9 	  0.00 	 3577.00 	 1.0000 	 600.01 
11 	 10 	 3 	 2 	 2 	 9 	  0.00 	 3878.54 	 1.0000 	 600.01 
11 	 10 	 5 	 2 	 2 	 9 	  0.00 	 4631.70 	 1.0000 	 600.01 
11 	 10 	 7 	 0 	 2 	 2 	  5249.00 	 5249.00 	 0.0000 	 0.33 
11 	 10 	 7 	 1 	 2 	 9 	  0.00 	 5220.93 	 1.0000 	 600.01 
11 	 10 	 7 	 2 	 2 	 9 	  0.00 	 5222.00 	 1.0000 	 600.01 
11 	 10 	 7 	 3 	 2 	 9 	  0.00 	 5222.75 	 1.0000 	 600.03 
12 	 10 	 3 	 2 	 2 	 9 	  0.00 	 3412.19 	 1.0000 	 600.01 
12 	 10 	 5 	 2 	 2 	 9 	  0.00 	 3972.81 	 1.0000 	 600.14 
12 	 10 	 7 	 0 	 2 	 2 	  4398.00 	 4398.00 	 0.0000 	 0.20 
12 	 10 	 7 	 1 	 2 	 9 	  0.00 	 4398.00 	 1.0000 	 600.01 
12 	 10 	 7 	 2 	 2 	 9 	  0.00 	 4398.00 	 1.0000 	 600.01 
12 	 10 	 7 	 3 	 2 	 9 	  0.00 	 4398.00 	 1.0000 	 600.03 
13 	 10 	 3 	 2 	 2 	 9 	  0.00 	 4569.20 	 1.0000 	 600.01 
13 	 10 	 5 	 2 	 2 	 9 	  0.00 	 5514.74 	 1.0000 	 600.01 
13 	 10 	 7 	 0 	 2 	 2 	  6333.00 	 6333.00 	 0.0000 	 1.09 
13 	 10 	 7 	 1 	 2 	 9 	  0.00 	 6219.54 	 1.0000 	 600.02 
13 	 10 	 7 	 2 	 2 	 9 	  0.00 	 6219.35 	 1.0000 	 600.01 
13 	 10 	 7 	 3 	 2 	 9 	  0.00 	 6222.44 	 1.0000 	 600.02 
14 	 10 	 3 	 2 	 2 	 9 	  0.00 	 3083.00 	 1.0000 	 600.02 
14 	 10 	 5 	 2 	 2 	 9 	  0.00 	 3324.38 	 1.0000 	 600.01 
14 	 10 	 7 	 0 	 2 	 2 	  3520.00 	 3520.00 	 0.0000 	 0.15 
14 	 10 	 7 	 1 	 2 	 9 	  0.00 	 3520.00 	 1.0000 	 600.01 
14 	 10 	 7 	 2 	 2 	 9 	  0.00 	 3520.00 	 1.0000 	 600.01 
14 	 10 	 7 	 3 	 2 	 9 	  0.00 	 3520.00 	 1.0000 	 600.05 
15 	 10 	 3 	 2 	 2 	 9 	  0.00 	 4740.70 	 1.0000 	 600.01 
15 	 10 	 5 	 2 	 2 	 9 	  0.00 	 5205.65 	 1.0000 	 600.01 
15 	 10 	 7 	 0 	 2 	 2 	  5551.00 	 5551.00 	 0.0000 	 0.15 
15 	 10 	 7 	 1 	 2 	 9 	  0.00 	 5551.00 	 1.0000 	 600.08 
15 	 10 	 7 	 2 	 2 	 9 	  0.00 	 5551.00 	 1.0000 	 600.02 
15 	 10 	 7 	 3 	 2 	 9 	  0.00 	 5551.00 	 1.0000 	 600.01 
16 	 10 	 3 	 2 	 2 	 9 	  0.00 	 3461.54 	 1.0000 	 600.02 
16 	 10 	 5 	 2 	 2 	 9 	  0.00 	 4033.13 	 1.0000 	 600.04 
16 	 10 	 7 	 0 	 2 	 2 	  4466.00 	 4466.00 	 0.0000 	 0.23 
16 	 10 	 7 	 1 	 2 	 9 	  0.00 	 4461.15 	 1.0000 	 600.01 
16 	 10 	 7 	 2 	 2 	 9 	  0.00 	 4460.39 	 1.0000 	 600.01 
16 	 10 	 7 	 3 	 2 	 9 	  0.00 	 4460.39 	 1.0000 	 600.05 
17 	 10 	 3 	 2 	 2 	 9 	  0.00 	 4027.32 	 1.0000 	 600.01 
17 	 10 	 5 	 2 	 2 	 9 	  0.00 	 4456.87 	 1.0000 	 600.02 
17 	 10 	 7 	 0 	 2 	 2 	  4817.00 	 4817.00 	 0.0000 	 0.18 
17 	 10 	 7 	 1 	 2 	 9 	  0.00 	 4816.99 	 1.0000 	 600.04 
17 	 10 	 7 	 2 	 2 	 9 	  0.00 	 4817.00 	 1.0000 	 600.02 
17 	 10 	 7 	 3 	 2 	 9 	  0.00 	 4817.00 	 1.0000 	 600.01 
18 	 10 	 3 	 2 	 2 	 9 	  0.00 	 4475.56 	 1.0000 	 600.02 
18 	 10 	 5 	 2 	 2 	 9 	  0.00 	 5166.40 	 1.0000 	 600.01 
18 	 10 	 7 	 0 	 2 	 2 	  5839.00 	 5839.00 	 0.0000 	 0.40 
18 	 10 	 7 	 1 	 2 	 9 	  0.00 	 5780.90 	 1.0000 	 600.01 
18 	 10 	 7 	 2 	 2 	 9 	  0.00 	 5780.91 	 1.0000 	 600.02 
18 	 10 	 7 	 3 	 2 	 9 	  0.00 	 5780.91 	 1.0000 	 600.02 
19 	 10 	 3 	 2 	 2 	 9 	  0.00 	 2680.93 	 1.0000 	 600.01 
19 	 10 	 5 	 2 	 2 	 9 	  0.00 	 3261.73 	 1.0000 	 600.02 
19 	 10 	 7 	 0 	 2 	 2 	  3684.00 	 3684.00 	 0.0000 	 0.16 
19 	 10 	 7 	 1 	 2 	 9 	  0.00 	 3656.61 	 1.0000 	 600.02 
19 	 10 	 7 	 2 	 2 	 9 	  0.00 	 3656.61 	 1.0000 	 600.02 
19 	 10 	 7 	 3 	 2 	 9 	  0.00 	 3656.60 	 1.0000 	 600.02 
20 	 10 	 3 	 2 	 2 	 9 	  0.00 	 2591.76 	 1.0000 	 600.02 
20 	 10 	 5 	 2 	 2 	 9 	  0.00 	 3175.32 	 1.0000 	 600.01 
20 	 10 	 7 	 0 	 2 	 2 	  3557.00 	 3557.00 	 0.0000 	 0.16 
20 	 10 	 7 	 1 	 2 	 9 	  0.00 	 3556.14 	 1.0000 	 600.02 
20 	 10 	 7 	 2 	 2 	 9 	  0.00 	 3556.14 	 1.0000 	 600.02 
20 	 10 	 7 	 3 	 2 	 9 	  0.00 	 3556.14 	 1.0000 	 600.01 
1 	 15 	 3 	 2 	 2 	 9 	  0.00 	 8193.79 	 1.0000 	 600.01 
1 	 15 	 5 	 2 	 2 	 9 	  0.00 	 9453.41 	 1.0000 	 600.03 
1 	 15 	 7 	 0 	 2 	 2 	  10419.00 	 10419.00 	 0.0000 	 1.92 
1 	 15 	 7 	 1 	 2 	 9 	  0.00 	 10371.85 	 1.0000 	 600.04 
1 	 15 	 7 	 2 	 2 	 9 	  0.00 	 10377.57 	 1.0000 	 600.10 
1 	 15 	 7 	 3 	 2 	 9 	  0.00 	 10356.52 	 1.0000 	 600.01 
2 	 15 	 3 	 2 	 2 	 9 	  0.00 	 7079.49 	 1.0000 	 600.02 
2 	 15 	 5 	 2 	 2 	 9 	  0.00 	 8395.36 	 1.0000 	 600.00 
2 	 15 	 7 	 0 	 2 	 2 	  9536.00 	 9536.00 	 0.0000 	 4.90 
2 	 15 	 7 	 1 	 2 	 9 	  0.00 	 9438.80 	 1.0000 	 600.03 
2 	 15 	 7 	 2 	 2 	 9 	  0.00 	 9477.18 	 1.0000 	 600.03 
2 	 15 	 7 	 3 	 2 	 9 	  0.00 	 9455.88 	 1.0000 	 600.05 
3 	 15 	 3 	 2 	 2 	 9 	  0.00 	 7856.82 	 1.0000 	 600.02 
3 	 15 	 5 	 2 	 2 	 9 	  0.00 	 9075.91 	 1.0000 	 600.24 
3 	 15 	 7 	 0 	 2 	 2 	  10226.00 	 10226.00 	 0.0000 	 10.05 
3 	 15 	 7 	 1 	 2 	 9 	  0.00 	 10138.57 	 1.0000 	 600.03 
3 	 15 	 7 	 2 	 2 	 9 	  0.00 	 10155.53 	 1.0000 	 600.02 
3 	 15 	 7 	 3 	 2 	 9 	  0.00 	 10135.13 	 1.0000 	 600.03 
4 	 15 	 3 	 2 	 2 	 9 	  0.00 	 10604.84 	 1.0000 	 600.02 
4 	 15 	 5 	 2 	 2 	 9 	  0.00 	 11658.02 	 1.0000 	 600.02 
4 	 15 	 7 	 0 	 2 	 2 	  12469.00 	 12469.00 	 0.0000 	 1.27 
4 	 15 	 7 	 1 	 2 	 9 	  0.00 	 12414.92 	 1.0000 	 600.35 
4 	 15 	 7 	 2 	 2 	 9 	  0.00 	 12406.00 	 1.0000 	 600.02 
4 	 15 	 7 	 3 	 2 	 9 	  0.00 	 12413.22 	 1.0000 	 600.03 
5 	 15 	 3 	 2 	 2 	 9 	  0.00 	 7993.60 	 1.0000 	 600.03 
5 	 15 	 5 	 2 	 2 	 9 	  0.00 	 9272.65 	 1.0000 	 600.03 
5 	 15 	 7 	 0 	 2 	 2 	  10298.00 	 10298.00 	 0.0000 	 0.85 
5 	 15 	 7 	 1 	 2 	 9 	  0.00 	 10287.84 	 1.0000 	 600.02 
5 	 15 	 7 	 2 	 2 	 9 	  0.00 	 10290.14 	 1.0000 	 600.03 
5 	 15 	 7 	 3 	 2 	 9 	  0.00 	 10283.27 	 1.0000 	 600.03 
6 	 15 	 3 	 2 	 2 	 9 	  0.00 	 7736.92 	 1.0000 	 600.03 
6 	 15 	 5 	 2 	 2 	 9 	  0.00 	 8681.24 	 1.0000 	 600.02 
6 	 15 	 7 	 0 	 2 	 2 	  9464.00 	 9464.00 	 0.0000 	 8.75 
6 	 15 	 7 	 1 	 2 	 9 	  0.00 	 9402.74 	 1.0000 	 600.04 
6 	 15 	 7 	 2 	 2 	 9 	  0.00 	 9381.48 	 1.0000 	 600.03 
6 	 15 	 7 	 3 	 2 	 9 	  0.00 	 9374.60 	 1.0000 	 600.02 
7 	 15 	 3 	 2 	 2 	 9 	  0.00 	 5253.39 	 1.0000 	 600.02 
7 	 15 	 5 	 2 	 2 	 9 	  0.00 	 6467.42 	 1.0000 	 600.03 
7 	 15 	 7 	 0 	 2 	 2 	  7679.00 	 7679.00 	 0.0000 	 3.85 
7 	 15 	 7 	 1 	 2 	 9 	  0.00 	 7609.78 	 1.0000 	 600.02 
7 	 15 	 7 	 2 	 2 	 9 	  0.00 	 7582.47 	 1.0000 	 600.31 
7 	 15 	 7 	 3 	 2 	 9 	  0.00 	 7599.71 	 1.0000 	 600.02 
8 	 15 	 3 	 2 	 2 	 9 	  0.00 	 6156.31 	 1.0000 	 600.06 
8 	 15 	 5 	 2 	 2 	 9 	  0.00 	 7041.04 	 1.0000 	 600.03 
8 	 15 	 7 	 0 	 2 	 2 	  7798.00 	 7798.00 	 0.0000 	 1.00 
8 	 15 	 7 	 1 	 2 	 9 	  0.00 	 7732.64 	 1.0000 	 600.02 
8 	 15 	 7 	 2 	 2 	 9 	  0.00 	 7741.63 	 1.0000 	 600.02 
8 	 15 	 7 	 3 	 2 	 9 	  0.00 	 7748.04 	 1.0000 	 600.03 
9 	 15 	 3 	 2 	 2 	 9 	  0.00 	 6879.41 	 1.0000 	 600.03 
9 	 15 	 5 	 2 	 2 	 9 	  0.00 	 8078.90 	 1.0000 	 600.02 
9 	 15 	 7 	 0 	 2 	 2 	  9218.00 	 9218.00 	 0.0000 	 3.52 
9 	 15 	 7 	 1 	 2 	 9 	  0.00 	 9078.00 	 1.0000 	 600.65 
9 	 15 	 7 	 2 	 2 	 9 	  0.00 	 9070.21 	 1.0000 	 600.12 
9 	 15 	 7 	 3 	 2 	 9 	  0.00 	 9070.10 	 1.0000 	 600.02 
10 	 15 	 3 	 2 	 2 	 9 	  0.00 	 8455.40 	 1.0000 	 600.02 
10 	 15 	 5 	 2 	 2 	 9 	  0.00 	 9053.28 	 1.0000 	 600.02 
10 	 15 	 7 	 0 	 2 	 2 	  9561.00 	 9561.00 	 0.0000 	 0.68 
10 	 15 	 7 	 1 	 2 	 9 	  0.00 	 9530.39 	 1.0000 	 600.02 
10 	 15 	 7 	 2 	 2 	 9 	  0.00 	 9527.69 	 1.0000 	 600.02 
10 	 15 	 7 	 3 	 2 	 9 	  0.00 	 9530.40 	 1.0000 	 600.03 
11 	 15 	 3 	 2 	 2 	 9 	  0.00 	 7671.69 	 1.0000 	 600.02 
11 	 15 	 5 	 2 	 2 	 9 	  0.00 	 8713.40 	 1.0000 	 600.03 
11 	 15 	 7 	 0 	 2 	 2 	  9703.00 	 9703.00 	 0.0000 	 5.92 
11 	 15 	 7 	 1 	 2 	 9 	  0.00 	 9611.37 	 1.0000 	 600.03 
11 	 15 	 7 	 2 	 2 	 9 	  0.00 	 9609.48 	 1.0000 	 600.02 
11 	 15 	 7 	 3 	 2 	 9 	  0.00 	 9624.49 	 1.0000 	 600.25 
12 	 15 	 3 	 2 	 2 	 9 	  0.00 	 7201.99 	 1.0000 	 600.02 
12 	 15 	 5 	 2 	 2 	 9 	  0.00 	 7973.02 	 1.0000 	 600.32 
12 	 15 	 7 	 0 	 2 	 2 	  8707.00 	 8707.00 	 0.0000 	 0.91 
12 	 15 	 7 	 1 	 2 	 9 	  0.00 	 8638.25 	 1.0000 	 600.02 
12 	 15 	 7 	 2 	 2 	 9 	  0.00 	 8656.09 	 1.0000 	 600.02 
12 	 15 	 7 	 3 	 2 	 9 	  0.00 	 8650.60 	 1.0000 	 600.03 
13 	 15 	 3 	 2 	 2 	 9 	  0.00 	 4831.45 	 1.0000 	 600.02 
13 	 15 	 5 	 2 	 2 	 9 	  0.00 	 5857.10 	 1.0000 	 600.26 
13 	 15 	 7 	 0 	 2 	 2 	  6617.00 	 6617.00 	 0.0000 	 0.67 
13 	 15 	 7 	 1 	 2 	 9 	  0.00 	 6605.11 	 1.0000 	 600.22 
13 	 15 	 7 	 2 	 2 	 9 	  0.00 	 6605.11 	 1.0000 	 600.02 
13 	 15 	 7 	 3 	 2 	 9 	  0.00 	 6605.11 	 1.0000 	 600.02 
14 	 15 	 3 	 2 	 2 	 9 	  0.00 	 6091.71 	 1.0000 	 600.02 
14 	 15 	 5 	 2 	 2 	 9 	  0.00 	 7292.23 	 1.0000 	 600.04 
14 	 15 	 7 	 0 	 2 	 2 	  8232.00 	 8232.00 	 0.0000 	 1.82 
14 	 15 	 7 	 1 	 2 	 9 	  0.00 	 8165.72 	 1.0000 	 600.02 
14 	 15 	 7 	 2 	 2 	 9 	  0.00 	 8176.50 	 1.0000 	 600.02 
14 	 15 	 7 	 3 	 2 	 9 	  0.00 	 8175.03 	 1.0000 	 600.04 
15 	 15 	 3 	 2 	 2 	 9 	  0.00 	 6209.92 	 1.0000 	 600.02 
15 	 15 	 5 	 2 	 2 	 9 	  0.00 	 7125.95 	 1.0000 	 600.08 
15 	 15 	 7 	 0 	 2 	 2 	  7938.00 	 7938.00 	 0.0000 	 0.87 
15 	 15 	 7 	 1 	 2 	 9 	  0.00 	 7927.92 	 1.0000 	 600.02 
15 	 15 	 7 	 2 	 2 	 9 	  0.00 	 7925.56 	 1.0000 	 600.03 
15 	 15 	 7 	 3 	 2 	 9 	  0.00 	 7924.43 	 1.0000 	 600.01 
16 	 15 	 3 	 2 	 2 	 9 	  0.00 	 6494.58 	 1.0000 	 600.03 
16 	 15 	 5 	 2 	 2 	 9 	  0.00 	 7229.66 	 1.0000 	 600.02 
16 	 15 	 7 	 0 	 2 	 2 	  7826.43 	 7827.00 	 0.0001 	 0.56 
16 	 15 	 7 	 1 	 2 	 9 	  0.00 	 7821.88 	 1.0000 	 600.02 
16 	 15 	 7 	 2 	 2 	 9 	  0.00 	 7821.16 	 1.0000 	 600.02 
16 	 15 	 7 	 3 	 2 	 9 	  0.00 	 7821.11 	 1.0000 	 600.02 
17 	 15 	 3 	 2 	 2 	 9 	  0.00 	 6063.02 	 1.0000 	 600.03 
17 	 15 	 5 	 2 	 2 	 9 	  0.00 	 7010.96 	 1.0000 	 600.04 
17 	 15 	 7 	 0 	 2 	 2 	  7836.00 	 7836.00 	 0.0000 	 0.72 
17 	 15 	 7 	 1 	 2 	 9 	  0.00 	 7792.86 	 1.0000 	 600.02 
17 	 15 	 7 	 2 	 2 	 9 	  0.00 	 7792.85 	 1.0000 	 600.22 
17 	 15 	 7 	 3 	 2 	 9 	  0.00 	 7792.85 	 1.0000 	 600.02 
18 	 15 	 3 	 2 	 2 	 9 	  0.00 	 8199.53 	 1.0000 	 600.03 
18 	 15 	 5 	 2 	 2 	 9 	  0.00 	 9099.95 	 1.0000 	 600.03 
18 	 15 	 7 	 0 	 2 	 2 	  9863.00 	 9863.00 	 0.0000 	 1.22 
18 	 15 	 7 	 1 	 2 	 9 	  0.00 	 9812.31 	 1.0000 	 600.62 
18 	 15 	 7 	 2 	 2 	 9 	  0.00 	 9806.85 	 1.0000 	 600.03 
18 	 15 	 7 	 3 	 2 	 9 	  0.00 	 9808.38 	 1.0000 	 600.04 
19 	 15 	 3 	 2 	 2 	 9 	  0.00 	 8249.67 	 1.0000 	 600.12 
19 	 15 	 5 	 2 	 2 	 9 	  0.00 	 9185.82 	 1.0000 	 600.02 
19 	 15 	 7 	 0 	 2 	 2 	  10088.00 	 10088.00 	 0.0000 	 2.74 
19 	 15 	 7 	 1 	 2 	 9 	  0.00 	 9973.00 	 1.0000 	 600.02 
19 	 15 	 7 	 2 	 2 	 9 	  0.00 	 9965.31 	 1.0000 	 600.03 
19 	 15 	 7 	 3 	 2 	 9 	  0.00 	 9986.96 	 1.0000 	 600.02 
20 	 15 	 3 	 2 	 2 	 9 	  0.00 	 6482.75 	 1.0000 	 600.02 
20 	 15 	 5 	 2 	 2 	 9 	  0.00 	 7438.02 	 1.0000 	 600.26 
20 	 15 	 7 	 0 	 2 	 2 	  8397.00 	 8397.00 	 0.0000 	 8.41 
20 	 15 	 7 	 1 	 2 	 9 	  0.00 	 8317.42 	 1.0000 	 600.02 
20 	 15 	 7 	 2 	 2 	 9 	  0.00 	 8309.92 	 1.0000 	 600.02 
20 	 15 	 7 	 3 	 2 	 9 	  0.00 	 8301.27 	 1.0000 	 600.02 
1 	 20 	 3 	 2 	 2 	 9 	  0.00 	 11458.60 	 1.0000 	 602.06 
1 	 20 	 5 	 2 	 2 	 9 	  0.00 	 13175.74 	 1.0000 	 602.39 
1 	 20 	 7 	 0 	 2 	 2 	  14742.00 	 14742.00 	 0.0000 	 13.93 
1 	 20 	 7 	 1 	 2 	 9 	  0.00 	 14714.86 	 1.0000 	 600.05 
1 	 20 	 7 	 2 	 2 	 9 	  0.00 	 14697.04 	 1.0000 	 604.09 
1 	 20 	 7 	 3 	 2 	 9 	  0.00 	 14697.43 	 1.0000 	 600.15 
2 	 20 	 3 	 2 	 2 	 9 	  0.00 	 12998.79 	 1.0000 	 603.02 
2 	 20 	 5 	 2 	 2 	 9 	  0.00 	 14610.20 	 1.0000 	 600.58 
2 	 20 	 7 	 0 	 2 	 2 	  16244.00 	 16244.00 	 0.0000 	 292.86 
2 	 20 	 7 	 1 	 2 	 9 	  0.00 	 16181.92 	 1.0000 	 600.07 
2 	 20 	 7 	 2 	 2 	 9 	  0.00 	 16135.50 	 1.0000 	 604.94 
2 	 20 	 7 	 3 	 2 	 9 	  0.00 	 16144.42 	 1.0000 	 600.28 
3 	 20 	 3 	 2 	 2 	 9 	  0.00 	 15785.22 	 1.0000 	 600.09 
3 	 20 	 5 	 2 	 2 	 9 	  0.00 	 17594.42 	 1.0000 	 600.03 
3 	 20 	 7 	 0 	 2 	 9 	  19054.41 	 19163.99 	 0.0057 	 600.04 
3 	 20 	 7 	 1 	 2 	 9 	  0.00 	 19102.56 	 1.0000 	 600.13 
3 	 20 	 7 	 2 	 2 	 9 	  0.00 	 19043.98 	 1.0000 	 600.44 
3 	 20 	 7 	 3 	 2 	 9 	  0.00 	 19026.01 	 1.0000 	 600.37 
4 	 20 	 3 	 2 	 2 	 9 	  0.00 	 12573.62 	 1.0000 	 600.04 
4 	 20 	 5 	 2 	 2 	 9 	  0.00 	 14511.96 	 1.0000 	 600.29 
4 	 20 	 7 	 0 	 2 	 2 	  16011.00 	 16011.00 	 0.0000 	 96.99 
4 	 20 	 7 	 1 	 2 	 9 	  0.00 	 15997.92 	 1.0000 	 600.05 
4 	 20 	 7 	 2 	 2 	 9 	  0.00 	 16000.05 	 1.0000 	 600.19 
4 	 20 	 7 	 3 	 2 	 9 	  0.00 	 15988.98 	 1.0000 	 600.16 
5 	 20 	 3 	 2 	 2 	 9 	  0.00 	 8670.26 	 1.0000 	 600.10 
5 	 20 	 5 	 2 	 2 	 9 	  0.00 	 10228.57 	 1.0000 	 600.07 
5 	 20 	 7 	 0 	 2 	 2 	  11559.00 	 11559.00 	 0.0000 	 22.23 
5 	 20 	 7 	 1 	 2 	 9 	  0.00 	 11490.69 	 1.0000 	 600.04 
5 	 20 	 7 	 2 	 2 	 9 	  0.00 	 11477.91 	 1.0000 	 600.03 
5 	 20 	 7 	 3 	 2 	 9 	  0.00 	 11521.00 	 1.0000 	 601.45 
6 	 20 	 3 	 2 	 2 	 9 	  0.00 	 10423.80 	 1.0000 	 600.01 
6 	 20 	 5 	 2 	 2 	 9 	  0.00 	 11965.16 	 1.0000 	 600.20 
6 	 20 	 7 	 0 	 2 	 2 	  13412.00 	 13412.00 	 0.0000 	 62.09 
6 	 20 	 7 	 1 	 2 	 9 	  0.00 	 13353.38 	 1.0000 	 600.05 
6 	 20 	 7 	 2 	 2 	 9 	  0.00 	 13280.55 	 1.0000 	 600.57 
6 	 20 	 7 	 3 	 2 	 9 	  0.00 	 13279.29 	 1.0000 	 601.87 
7 	 20 	 3 	 2 	 2 	 9 	  0.00 	 10966.05 	 1.0000 	 600.06 
7 	 20 	 5 	 2 	 2 	 9 	  0.00 	 12567.49 	 1.0000 	 600.04 
7 	 20 	 7 	 0 	 2 	 2 	  13858.00 	 13858.00 	 0.0000 	 25.21 
7 	 20 	 7 	 1 	 2 	 9 	  0.00 	 13791.75 	 1.0000 	 606.58 
7 	 20 	 7 	 2 	 2 	 9 	  0.00 	 13719.73 	 1.0000 	 600.26 
7 	 20 	 7 	 3 	 2 	 9 	  0.00 	 13752.11 	 1.0000 	 600.48 
8 	 20 	 3 	 2 	 2 	 9 	  0.00 	 12420.63 	 1.0000 	 600.03 
8 	 20 	 5 	 2 	 2 	 9 	  0.00 	 13743.99 	 1.0000 	 600.88 
8 	 20 	 7 	 0 	 2 	 2 	  14821.00 	 14821.00 	 0.0000 	 12.19 
8 	 20 	 7 	 1 	 2 	 9 	  0.00 	 14806.06 	 1.0000 	 600.08 
8 	 20 	 7 	 2 	 2 	 9 	  0.00 	 14796.28 	 1.0000 	 600.10 
8 	 20 	 7 	 3 	 2 	 9 	  0.00 	 14794.81 	 1.0000 	 600.13 
9 	 20 	 3 	 2 	 2 	 9 	  0.00 	 12901.70 	 1.0000 	 600.16 
9 	 20 	 5 	 2 	 2 	 9 	  0.00 	 14301.24 	 1.0000 	 601.04 
9 	 20 	 7 	 0 	 2 	 2 	  15507.00 	 15507.00 	 0.0000 	 23.09 
9 	 20 	 7 	 1 	 2 	 9 	  0.00 	 15462.67 	 1.0000 	 600.05 
9 	 20 	 7 	 2 	 2 	 9 	  0.00 	 15445.44 	 1.0000 	 600.28 
9 	 20 	 7 	 3 	 2 	 9 	  0.00 	 15415.22 	 1.0000 	 600.65 
10 	 20 	 3 	 2 	 2 	 9 	  0.00 	 7133.89 	 1.0000 	 600.08 
10 	 20 	 5 	 2 	 2 	 9 	  0.00 	 8492.99 	 1.0000 	 600.07 
10 	 20 	 7 	 0 	 2 	 2 	  9717.00 	 9717.00 	 0.0000 	 11.59 
10 	 20 	 7 	 1 	 2 	 9 	  0.00 	 9697.06 	 1.0000 	 603.72 
10 	 20 	 7 	 2 	 2 	 9 	  0.00 	 9687.12 	 1.0000 	 600.06 
10 	 20 	 7 	 3 	 2 	 9 	  0.00 	 9691.75 	 1.0000 	 600.07 
11 	 20 	 3 	 2 	 2 	 9 	  0.00 	 9717.12 	 1.0000 	 600.05 
11 	 20 	 5 	 2 	 2 	 9 	  0.00 	 11129.24 	 1.0000 	 600.80 
11 	 20 	 7 	 0 	 2 	 2 	  12382.00 	 12382.00 	 0.0000 	 15.53 
11 	 20 	 7 	 1 	 2 	 9 	  0.00 	 12347.00 	 1.0000 	 601.39 
11 	 20 	 7 	 2 	 2 	 9 	  0.00 	 12308.78 	 1.0000 	 600.05 
11 	 20 	 7 	 3 	 2 	 9 	  0.00 	 12290.69 	 1.0000 	 606.03 
12 	 20 	 3 	 2 	 2 	 9 	  0.00 	 10975.95 	 1.0000 	 600.04 
12 	 20 	 5 	 2 	 2 	 9 	  0.00 	 12260.74 	 1.0000 	 600.05 
12 	 20 	 7 	 0 	 2 	 2 	  13278.00 	 13278.00 	 0.0000 	 1.92 
12 	 20 	 7 	 1 	 2 	 9 	  0.00 	 13273.20 	 1.0000 	 607.52 
12 	 20 	 7 	 2 	 2 	 9 	  0.00 	 13270.61 	 1.0000 	 600.04 
12 	 20 	 7 	 3 	 2 	 9 	  0.00 	 13274.27 	 1.0000 	 601.19 
13 	 20 	 3 	 2 	 2 	 9 	  0.00 	 9655.84 	 1.0000 	 600.11 
13 	 20 	 5 	 2 	 2 	 9 	  0.00 	 10898.55 	 1.0000 	 600.55 
13 	 20 	 7 	 0 	 2 	 2 	  12105.00 	 12105.00 	 0.0000 	 5.87 
13 	 20 	 7 	 1 	 2 	 9 	  0.00 	 12052.80 	 1.0000 	 604.44 
13 	 20 	 7 	 2 	 2 	 9 	  0.00 	 12023.27 	 1.0000 	 600.13 
13 	 20 	 7 	 3 	 2 	 9 	  0.00 	 12023.52 	 1.0000 	 600.77 
14 	 20 	 3 	 2 	 2 	 9 	  0.00 	 14299.13 	 1.0000 	 600.03 
14 	 20 	 5 	 2 	 2 	 9 	  0.00 	 15832.76 	 1.0000 	 600.12 
14 	 20 	 7 	 0 	 2 	 2 	  17147.61 	 17149.00 	 0.0001 	 340.02 
14 	 20 	 7 	 1 	 2 	 9 	  0.00 	 17109.40 	 1.0000 	 603.53 
14 	 20 	 7 	 2 	 2 	 9 	  0.00 	 17082.06 	 1.0000 	 600.05 
14 	 20 	 7 	 3 	 2 	 9 	  0.00 	 17087.41 	 1.0000 	 600.95 
15 	 20 	 3 	 2 	 2 	 9 	  0.00 	 10964.79 	 1.0000 	 600.15 
15 	 20 	 5 	 2 	 2 	 9 	  0.00 	 12189.25 	 1.0000 	 600.03 
15 	 20 	 7 	 0 	 2 	 2 	  13469.00 	 13469.00 	 0.0000 	 149.39 
15 	 20 	 7 	 1 	 2 	 9 	  0.00 	 13436.00 	 1.0000 	 600.06 
15 	 20 	 7 	 2 	 2 	 9 	  0.00 	 13388.88 	 1.0000 	 600.08 
15 	 20 	 7 	 3 	 2 	 9 	  0.00 	 13411.05 	 1.0000 	 600.69 
16 	 20 	 3 	 2 	 2 	 9 	  0.00 	 13190.52 	 1.0000 	 600.04 
16 	 20 	 5 	 2 	 2 	 9 	  0.00 	 15172.16 	 1.0000 	 600.04 
16 	 20 	 7 	 0 	 2 	 9 	  16807.46 	 17005.00 	 0.0116 	 600.05 
16 	 20 	 7 	 1 	 2 	 9 	  0.00 	 16853.09 	 1.0000 	 600.55 
16 	 20 	 7 	 2 	 2 	 9 	  0.00 	 16894.58 	 1.0000 	 600.09 
16 	 20 	 7 	 3 	 2 	 9 	  0.00 	 16888.88 	 1.0000 	 600.08 
17 	 20 	 3 	 2 	 2 	 9 	  0.00 	 13392.47 	 1.0000 	 600.21 
17 	 20 	 5 	 2 	 2 	 9 	  0.00 	 15248.19 	 1.0000 	 600.04 
17 	 20 	 7 	 0 	 2 	 2 	  16914.00 	 16914.00 	 0.0000 	 175.89 
17 	 20 	 7 	 1 	 2 	 9 	  0.00 	 16816.59 	 1.0000 	 600.02 
17 	 20 	 7 	 2 	 2 	 9 	  0.00 	 16778.83 	 1.0000 	 600.07 
17 	 20 	 7 	 3 	 2 	 9 	  0.00 	 16744.76 	 1.0000 	 600.36 
18 	 20 	 3 	 2 	 2 	 9 	  0.00 	 10102.77 	 1.0000 	 600.02 
18 	 20 	 5 	 2 	 2 	 9 	  0.00 	 11472.41 	 1.0000 	 600.13 
18 	 20 	 7 	 0 	 2 	 2 	  12769.00 	 12769.00 	 0.0000 	 15.76 
18 	 20 	 7 	 1 	 2 	 9 	  0.00 	 12732.76 	 1.0000 	 601.43 
18 	 20 	 7 	 2 	 2 	 9 	  0.00 	 12728.24 	 1.0000 	 600.03 
18 	 20 	 7 	 3 	 2 	 9 	  0.00 	 12733.27 	 1.0000 	 601.05 
19 	 20 	 3 	 2 	 2 	 9 	  0.00 	 13057.19 	 1.0000 	 600.07 
19 	 20 	 5 	 2 	 2 	 9 	  0.00 	 14414.15 	 1.0000 	 600.14 
19 	 20 	 7 	 0 	 2 	 2 	  15709.00 	 15709.00 	 0.0000 	 4.87 
19 	 20 	 7 	 1 	 2 	 9 	  0.00 	 15702.63 	 1.0000 	 600.04 
19 	 20 	 7 	 2 	 2 	 9 	  0.00 	 15696.50 	 1.0000 	 600.47 
19 	 20 	 7 	 3 	 2 	 9 	  0.00 	 15686.85 	 1.0000 	 600.61 
20 	 20 	 3 	 2 	 2 	 9 	  0.00 	 16211.06 	 1.0000 	 600.11 
20 	 20 	 5 	 2 	 2 	 9 	  0.00 	 17589.00 	 1.0000 	 600.04 
20 	 20 	 7 	 0 	 2 	 2 	  18898.00 	 18898.00 	 0.0000 	 189.90 
20 	 20 	 7 	 1 	 2 	 9 	  0.00 	 18835.08 	 1.0000 	 600.16 
20 	 20 	 7 	 2 	 2 	 9 	  0.00 	 18830.16 	 1.0000 	 600.02 
20 	 20 	 7 	 3 	 2 	 9 	  0.00 	 18779.15 	 1.0000 	 600.04 
