instance 	 n 	 Gamma 	 Delta 	 status 	 objbound 	 objval 	 mipgap 	 runtime 
1 	 10 	 3 	 2 	 2 	 4452.87 	 4452.87 	 0.00 	 4.56 
1 	 10 	 5 	 2 	 2 	 4985.21 	 4985.21 	 0.00 	 2.04 
1 	 10 	 7 	 0 	 2 	 5369.00 	 5369.00 	 0.00 	 0.01 
1 	 10 	 7 	 1 	 2 	 5369.00 	 5369.00 	 0.00 	 1.63 
1 	 10 	 7 	 2 	 2 	 5369.00 	 5369.00 	 0.00 	 1.77 
1 	 10 	 7 	 3 	 2 	 5369.00 	 5369.00 	 0.00 	 1.74 
2 	 10 	 3 	 2 	 2 	 3526.25 	 3526.25 	 0.00 	 1.37 
2 	 10 	 5 	 2 	 2 	 4374.52 	 4374.52 	 0.00 	 1.35 
2 	 10 	 7 	 0 	 2 	 4847.00 	 4847.00 	 0.00 	 0.01 
2 	 10 	 7 	 1 	 2 	 4847.00 	 4847.00 	 0.00 	 1.46 
2 	 10 	 7 	 2 	 2 	 4847.00 	 4847.00 	 0.00 	 1.79 
2 	 10 	 7 	 3 	 2 	 4847.00 	 4847.00 	 0.00 	 1.30 
3 	 10 	 3 	 2 	 2 	 4499.25 	 4499.25 	 0.00 	 1.37 
3 	 10 	 5 	 2 	 2 	 5285.12 	 5285.12 	 0.00 	 1.59 
3 	 10 	 7 	 0 	 2 	 5954.00 	 5954.00 	 0.00 	 0.03 
3 	 10 	 7 	 1 	 2 	 5877.21 	 5877.30 	 0.00 	 2.74 
3 	 10 	 7 	 2 	 2 	 5877.30 	 5877.30 	 0.00 	 1.79 
3 	 10 	 7 	 3 	 2 	 5877.30 	 5877.30 	 0.00 	 1.90 
4 	 10 	 3 	 2 	 2 	 4323.29 	 4323.29 	 0.00 	 1.32 
4 	 10 	 5 	 2 	 2 	 5006.01 	 5006.01 	 0.00 	 2.14 
4 	 10 	 7 	 0 	 2 	 5640.00 	 5640.00 	 0.00 	 0.03 
4 	 10 	 7 	 1 	 2 	 5582.51 	 5582.51 	 0.00 	 2.69 
4 	 10 	 7 	 2 	 2 	 5582.51 	 5582.51 	 0.00 	 9.46 
4 	 10 	 7 	 3 	 2 	 5582.51 	 5582.51 	 0.00 	 13.28 
5 	 10 	 3 	 2 	 2 	 4721.38 	 4721.38 	 0.00 	 1.81 
5 	 10 	 5 	 2 	 2 	 5578.36 	 5578.36 	 0.00 	 1.24 
5 	 10 	 7 	 0 	 2 	 6342.00 	 6342.00 	 0.00 	 0.03 
5 	 10 	 7 	 1 	 2 	 6298.42 	 6298.42 	 0.00 	 1.83 
5 	 10 	 7 	 2 	 2 	 6298.42 	 6298.42 	 0.00 	 1.51 
5 	 10 	 7 	 3 	 2 	 6298.09 	 6298.42 	 0.00 	 1.99 
6 	 10 	 3 	 2 	 2 	 5555.16 	 5555.67 	 0.00 	 4.29 
6 	 10 	 5 	 2 	 2 	 6007.53 	 6007.53 	 0.00 	 2.58 
6 	 10 	 7 	 0 	 2 	 6327.00 	 6327.00 	 0.00 	 0.01 
6 	 10 	 7 	 1 	 2 	 6323.67 	 6323.67 	 0.00 	 1.65 
6 	 10 	 7 	 2 	 2 	 6323.67 	 6323.67 	 0.00 	 8.07 
6 	 10 	 7 	 3 	 2 	 6323.67 	 6323.67 	 0.00 	 3.92 
7 	 10 	 3 	 2 	 2 	 4691.45 	 4691.45 	 0.00 	 1.43 
7 	 10 	 5 	 2 	 2 	 5328.36 	 5328.36 	 0.00 	 1.16 
7 	 10 	 7 	 0 	 2 	 5832.00 	 5832.00 	 0.00 	 0.02 
7 	 10 	 7 	 1 	 2 	 5806.89 	 5806.94 	 0.00 	 2.27 
7 	 10 	 7 	 2 	 2 	 5806.64 	 5807.19 	 0.00 	 1.38 
7 	 10 	 7 	 3 	 2 	 5806.94 	 5806.94 	 0.00 	 26.15 
8 	 10 	 3 	 2 	 2 	 3933.30 	 3933.30 	 0.00 	 10.51 
8 	 10 	 5 	 2 	 2 	 4782.06 	 4782.06 	 0.00 	 1.33 
8 	 10 	 7 	 0 	 2 	 5353.00 	 5353.00 	 0.00 	 0.04 
8 	 10 	 7 	 1 	 2 	 5319.60 	 5320.01 	 0.00 	 2.26 
8 	 10 	 7 	 2 	 2 	 5319.78 	 5320.01 	 0.00 	 1.25 
8 	 10 	 7 	 3 	 2 	 5320.01 	 5320.01 	 0.00 	 29.66 
9 	 10 	 3 	 2 	 2 	 3931.72 	 3931.72 	 0.00 	 4.67 
9 	 10 	 5 	 2 	 2 	 4431.24 	 4431.24 	 0.00 	 34.72 
9 	 10 	 7 	 0 	 2 	 4939.00 	 4939.00 	 0.00 	 0.02 
9 	 10 	 7 	 1 	 2 	 4894.78 	 4894.78 	 0.00 	 2.18 
9 	 10 	 7 	 2 	 2 	 4894.78 	 4894.78 	 0.00 	 3.29 
9 	 10 	 7 	 3 	 2 	 4894.78 	 4894.82 	 0.00 	 1.69 
10 	 10 	 3 	 2 	 2 	 2432.43 	 2432.43 	 0.00 	 6.01 
10 	 10 	 5 	 2 	 2 	 3101.32 	 3101.55 	 0.00 	 1.42 
10 	 10 	 7 	 0 	 2 	 3577.00 	 3577.00 	 0.00 	 0.01 
10 	 10 	 7 	 1 	 2 	 3577.00 	 3577.00 	 0.00 	 2.19 
10 	 10 	 7 	 2 	 2 	 3577.00 	 3577.00 	 0.00 	 1.61 
10 	 10 	 7 	 3 	 2 	 3577.00 	 3577.00 	 0.00 	 1.39 
11 	 10 	 3 	 2 	 2 	 3864.65 	 3864.65 	 0.00 	 1.70 
11 	 10 	 5 	 2 	 2 	 4623.90 	 4623.90 	 0.00 	 1.43 
11 	 10 	 7 	 0 	 2 	 5249.00 	 5249.00 	 0.00 	 0.02 
11 	 10 	 7 	 1 	 2 	 5219.78 	 5219.78 	 0.00 	 1.70 
11 	 10 	 7 	 2 	 2 	 5219.78 	 5219.78 	 0.00 	 3.67 
11 	 10 	 7 	 3 	 2 	 5219.78 	 5219.78 	 0.00 	 10.67 
12 	 10 	 3 	 2 	 2 	 3406.58 	 3406.58 	 0.00 	 1.60 
12 	 10 	 5 	 2 	 2 	 3970.01 	 3970.01 	 0.00 	 1.37 
12 	 10 	 7 	 0 	 2 	 4398.00 	 4398.00 	 0.00 	 0.01 
12 	 10 	 7 	 1 	 2 	 4398.00 	 4398.00 	 0.00 	 1.55 
12 	 10 	 7 	 2 	 2 	 4398.00 	 4398.00 	 0.00 	 1.54 
12 	 10 	 7 	 3 	 2 	 4398.00 	 4398.00 	 0.00 	 1.63 
13 	 10 	 3 	 2 	 2 	 4561.17 	 4561.17 	 0.00 	 1.30 
13 	 10 	 5 	 2 	 2 	 5488.18 	 5488.18 	 0.00 	 1.45 
13 	 10 	 7 	 0 	 2 	 6333.00 	 6333.00 	 0.00 	 0.03 
13 	 10 	 7 	 1 	 2 	 6205.51 	 6205.51 	 0.00 	 4.87 
13 	 10 	 7 	 2 	 2 	 6205.51 	 6205.51 	 0.00 	 13.68 
13 	 10 	 7 	 3 	 2 	 6205.51 	 6205.51 	 0.00 	 1.33 
14 	 10 	 3 	 2 	 2 	 3083.00 	 3083.00 	 0.00 	 1.90 
14 	 10 	 5 	 2 	 2 	 3324.39 	 3324.39 	 0.00 	 1.50 
14 	 10 	 7 	 0 	 2 	 3520.00 	 3520.00 	 0.00 	 0.01 
14 	 10 	 7 	 1 	 2 	 3520.00 	 3520.00 	 0.00 	 1.69 
14 	 10 	 7 	 2 	 2 	 3520.00 	 3520.00 	 0.00 	 1.30 
14 	 10 	 7 	 3 	 2 	 3520.00 	 3520.00 	 0.00 	 1.48 
15 	 10 	 3 	 2 	 2 	 4734.71 	 4734.71 	 0.00 	 1.67 
15 	 10 	 5 	 2 	 2 	 5204.87 	 5204.87 	 0.00 	 1.98 
15 	 10 	 7 	 0 	 2 	 5551.00 	 5551.00 	 0.00 	 0.01 
15 	 10 	 7 	 1 	 2 	 5551.00 	 5551.00 	 0.00 	 3.78 
15 	 10 	 7 	 2 	 2 	 5551.00 	 5551.00 	 0.00 	 1.43 
15 	 10 	 7 	 3 	 2 	 5551.00 	 5551.00 	 0.00 	 1.68 
16 	 10 	 3 	 2 	 2 	 3458.07 	 3458.07 	 0.00 	 1.45 
16 	 10 	 5 	 2 	 2 	 4022.25 	 4022.25 	 0.00 	 3.82 
16 	 10 	 7 	 0 	 2 	 4466.00 	 4466.00 	 0.00 	 0.02 
16 	 10 	 7 	 1 	 2 	 4459.99 	 4459.99 	 0.00 	 1.96 
16 	 10 	 7 	 2 	 2 	 4459.75 	 4459.99 	 0.00 	 2.02 
16 	 10 	 7 	 3 	 2 	 4459.99 	 4460.40 	 0.00 	 1.44 
17 	 10 	 3 	 2 	 2 	 4026.58 	 4026.58 	 0.00 	 1.46 
17 	 10 	 5 	 2 	 2 	 4456.27 	 4456.58 	 0.00 	 1.44 
17 	 10 	 7 	 0 	 2 	 4817.00 	 4817.00 	 0.00 	 0.01 
17 	 10 	 7 	 1 	 2 	 4817.00 	 4817.00 	 0.00 	 1.80 
17 	 10 	 7 	 2 	 2 	 4817.00 	 4817.00 	 0.00 	 1.29 
17 	 10 	 7 	 3 	 2 	 4817.00 	 4817.00 	 0.00 	 1.57 
18 	 10 	 3 	 2 	 2 	 4468.17 	 4468.17 	 0.00 	 1.32 
18 	 10 	 5 	 2 	 2 	 5153.93 	 5153.93 	 0.00 	 16.41 
18 	 10 	 7 	 0 	 2 	 5839.00 	 5839.00 	 0.00 	 0.03 
18 	 10 	 7 	 1 	 2 	 5779.36 	 5779.36 	 0.00 	 2.85 
18 	 10 	 7 	 2 	 2 	 5779.36 	 5779.36 	 0.00 	 7.16 
18 	 10 	 7 	 3 	 2 	 5779.36 	 5779.36 	 0.00 	 12.50 
19 	 10 	 3 	 2 	 2 	 2670.31 	 2670.54 	 0.00 	 1.52 
19 	 10 	 5 	 2 	 2 	 3260.78 	 3260.78 	 0.00 	 1.49 
19 	 10 	 7 	 0 	 2 	 3684.00 	 3684.00 	 0.00 	 0.02 
19 	 10 	 7 	 1 	 2 	 3656.61 	 3656.61 	 0.00 	 1.63 
19 	 10 	 7 	 2 	 2 	 3656.61 	 3656.61 	 0.00 	 1.61 
19 	 10 	 7 	 3 	 2 	 3656.61 	 3656.61 	 0.00 	 1.65 
20 	 10 	 3 	 2 	 2 	 2589.80 	 2589.80 	 0.00 	 1.32 
20 	 10 	 5 	 2 	 2 	 3174.61 	 3174.68 	 0.00 	 1.46 
20 	 10 	 7 	 0 	 2 	 3557.00 	 3557.00 	 0.00 	 0.01 
20 	 10 	 7 	 1 	 2 	 3556.14 	 3556.14 	 0.00 	 1.69 
20 	 10 	 7 	 2 	 2 	 3556.14 	 3556.14 	 0.00 	 1.82 
20 	 10 	 7 	 3 	 2 	 3556.14 	 3556.14 	 0.00 	 1.43 
1 	 15 	 3 	 2 	 2 	 8178.40 	 8178.40 	 0.00 	 67.68 
1 	 15 	 5 	 2 	 2 	 9420.50 	 9421.27 	 0.00 	 104.87 
1 	 15 	 7 	 0 	 2 	 10419.00 	 10419.00 	 0.00 	 0.14 
1 	 15 	 7 	 1 	 2 	 10342.53 	 10343.34 	 0.00 	 131.49 
1 	 15 	 7 	 2 	 2 	 10342.53 	 10343.34 	 0.00 	 62.84 
1 	 15 	 7 	 3 	 2 	 10342.53 	 10343.34 	 0.00 	 12.05 
2 	 15 	 3 	 2 	 2 	 7050.55 	 7050.55 	 0.00 	 52.37 
2 	 15 	 5 	 2 	 2 	 8354.97 	 8355.46 	 0.00 	 236.70 
2 	 15 	 7 	 0 	 2 	 9536.00 	 9536.00 	 0.00 	 0.27 
2 	 15 	 7 	 1 	 2 	 9409.84 	 9410.01 	 0.00 	 163.36 
2 	 15 	 7 	 2 	 2 	 9409.20 	 9410.01 	 0.00 	 135.30 
2 	 15 	 7 	 3 	 2 	 9409.84 	 9410.01 	 0.00 	 14.57 
3 	 15 	 3 	 2 	 2 	 7832.74 	 7832.74 	 0.00 	 56.65 
3 	 15 	 5 	 2 	 2 	 9035.67 	 9035.67 	 0.00 	 100.85 
3 	 15 	 7 	 0 	 2 	 10226.00 	 10226.00 	 0.00 	 0.35 
3 	 15 	 7 	 1 	 2 	 10058.44 	 10058.44 	 0.00 	 171.72 
3 	 15 	 7 	 2 	 2 	 10058.44 	 10058.44 	 0.00 	 57.33 
3 	 15 	 7 	 3 	 2 	 10058.44 	 10058.44 	 0.00 	 13.94 
4 	 15 	 3 	 2 	 2 	 10570.93 	 10570.93 	 0.00 	 82.16 
4 	 15 	 5 	 2 	 2 	 11577.31 	 11577.31 	 0.00 	 69.63 
4 	 15 	 7 	 0 	 2 	 12468.87 	 12469.00 	 0.00 	 0.06 
4 	 15 	 7 	 1 	 2 	 12380.25 	 12380.25 	 0.00 	 164.42 
4 	 15 	 7 	 2 	 2 	 12380.25 	 12380.25 	 0.00 	 112.83 
4 	 15 	 7 	 3 	 2 	 12380.08 	 12380.25 	 0.00 	 69.76 
5 	 15 	 3 	 2 	 2 	 7984.44 	 7984.44 	 0.00 	 202.39 
5 	 15 	 5 	 2 	 2 	 9251.45 	 9252.22 	 0.00 	 82.44 
5 	 15 	 7 	 0 	 2 	 10298.00 	 10298.00 	 0.00 	 0.14 
5 	 15 	 7 	 1 	 2 	 10268.33 	 10268.33 	 0.00 	 184.25 
5 	 15 	 7 	 2 	 2 	 10267.69 	 10268.33 	 0.00 	 125.85 
5 	 15 	 7 	 3 	 2 	 10267.60 	 10268.33 	 0.00 	 211.60 
6 	 15 	 3 	 2 	 2 	 7732.40 	 7733.15 	 0.00 	 455.43 
6 	 15 	 5 	 2 	 9 	 8642.20 	 8652.98 	 0.00 	 600.00 
6 	 15 	 7 	 0 	 2 	 9464.00 	 9464.00 	 0.00 	 0.21 
6 	 15 	 7 	 1 	 9 	 9331.04 	 9338.79 	 0.00 	 600.07 
6 	 15 	 7 	 2 	 9 	 9326.07 	 9338.79 	 0.00 	 600.07 
6 	 15 	 7 	 3 	 9 	 9326.07 	 9338.79 	 0.00 	 600.02 
7 	 15 	 3 	 2 	 2 	 5192.98 	 5192.98 	 0.00 	 72.65 
7 	 15 	 5 	 2 	 2 	 6400.91 	 6400.91 	 0.00 	 62.84 
7 	 15 	 7 	 0 	 2 	 7679.00 	 7679.00 	 0.00 	 0.21 
7 	 15 	 7 	 1 	 2 	 7565.50 	 7566.14 	 0.00 	 179.69 
7 	 15 	 7 	 2 	 2 	 7566.14 	 7566.14 	 0.00 	 51.50 
7 	 15 	 7 	 3 	 2 	 7566.14 	 7566.14 	 0.00 	 56.46 
8 	 15 	 3 	 2 	 2 	 6150.80 	 6150.80 	 0.00 	 89.20 
8 	 15 	 5 	 2 	 2 	 7026.81 	 7026.81 	 0.00 	 30.26 
8 	 15 	 7 	 0 	 2 	 7798.00 	 7798.00 	 0.00 	 0.07 
8 	 15 	 7 	 1 	 2 	 7717.32 	 7717.32 	 0.00 	 240.92 
8 	 15 	 7 	 2 	 2 	 7717.32 	 7717.32 	 0.00 	 29.47 
8 	 15 	 7 	 3 	 9 	 7697.83 	 7717.32 	 0.00 	 600.02 
9 	 15 	 3 	 2 	 2 	 6834.42 	 6834.92 	 0.00 	 90.00 
9 	 15 	 5 	 2 	 2 	 8047.20 	 8047.54 	 0.00 	 83.02 
9 	 15 	 7 	 0 	 2 	 9218.00 	 9218.00 	 0.00 	 0.49 
9 	 15 	 7 	 1 	 9 	 8999.58 	 9001.24 	 0.00 	 600.15 
9 	 15 	 7 	 2 	 2 	 8999.04 	 8999.71 	 0.00 	 108.94 
9 	 15 	 7 	 3 	 2 	 8999.21 	 8999.71 	 0.00 	 12.76 
10 	 15 	 3 	 2 	 2 	 8453.22 	 8453.76 	 0.00 	 63.41 
10 	 15 	 5 	 2 	 2 	 9049.84 	 9049.84 	 0.00 	 198.62 
10 	 15 	 7 	 0 	 2 	 9560.53 	 9561.00 	 0.00 	 0.06 
10 	 15 	 7 	 1 	 2 	 9522.27 	 9522.27 	 0.00 	 154.59 
10 	 15 	 7 	 2 	 2 	 9522.27 	 9522.27 	 0.00 	 168.61 
10 	 15 	 7 	 3 	 2 	 9522.27 	 9522.27 	 0.00 	 302.48 
11 	 15 	 3 	 2 	 2 	 7641.77 	 7641.90 	 0.00 	 152.85 
11 	 15 	 5 	 2 	 2 	 8684.33 	 8684.85 	 0.00 	 229.38 
11 	 15 	 7 	 0 	 2 	 9703.00 	 9703.00 	 0.00 	 0.26 
11 	 15 	 7 	 1 	 9 	 9554.93 	 9574.31 	 0.00 	 600.01 
11 	 15 	 7 	 2 	 2 	 9573.74 	 9574.26 	 0.00 	 135.38 
11 	 15 	 7 	 3 	 2 	 9573.76 	 9574.26 	 0.00 	 35.58 
12 	 15 	 3 	 2 	 2 	 7195.22 	 7195.88 	 0.00 	 88.17 
12 	 15 	 5 	 2 	 9 	 7954.34 	 7956.34 	 0.00 	 600.05 
12 	 15 	 7 	 0 	 2 	 8706.50 	 8707.00 	 0.00 	 0.06 
12 	 15 	 7 	 1 	 9 	 8587.89 	 8627.18 	 0.00 	 600.05 
12 	 15 	 7 	 2 	 9 	 8588.85 	 8627.18 	 0.00 	 600.03 
12 	 15 	 7 	 3 	 9 	 8587.85 	 8627.18 	 0.00 	 600.01 
13 	 15 	 3 	 2 	 2 	 4825.58 	 4826.03 	 0.00 	 88.37 
13 	 15 	 5 	 2 	 2 	 5852.32 	 5852.65 	 0.00 	 110.87 
13 	 15 	 7 	 0 	 2 	 6617.00 	 6617.00 	 0.00 	 0.04 
13 	 15 	 7 	 1 	 2 	 6604.12 	 6604.12 	 0.00 	 35.25 
13 	 15 	 7 	 2 	 2 	 6603.49 	 6604.12 	 0.00 	 140.73 
13 	 15 	 7 	 3 	 2 	 6604.12 	 6604.12 	 0.00 	 13.45 
14 	 15 	 3 	 2 	 2 	 6068.34 	 6068.34 	 0.00 	 90.54 
14 	 15 	 5 	 2 	 2 	 7265.94 	 7265.94 	 0.00 	 66.40 
14 	 15 	 7 	 0 	 2 	 8232.00 	 8232.00 	 0.00 	 0.21 
14 	 15 	 7 	 1 	 9 	 8106.93 	 8152.38 	 0.01 	 600.01 
14 	 15 	 7 	 2 	 2 	 8151.99 	 8152.38 	 0.00 	 143.78 
14 	 15 	 7 	 3 	 2 	 8152.38 	 8152.38 	 0.00 	 78.74 
15 	 15 	 3 	 2 	 2 	 6205.83 	 6206.14 	 0.00 	 112.10 
15 	 15 	 5 	 2 	 2 	 7118.54 	 7119.25 	 0.00 	 59.86 
15 	 15 	 7 	 0 	 2 	 7938.00 	 7938.00 	 0.00 	 0.07 
15 	 15 	 7 	 1 	 9 	 7879.31 	 7917.96 	 0.00 	 600.01 
15 	 15 	 7 	 2 	 2 	 7917.24 	 7917.96 	 0.00 	 105.14 
15 	 15 	 7 	 3 	 2 	 7917.96 	 7917.96 	 0.00 	 54.08 
16 	 15 	 3 	 2 	 2 	 6482.79 	 6483.31 	 0.00 	 213.35 
16 	 15 	 5 	 2 	 2 	 7206.17 	 7206.66 	 0.00 	 16.31 
16 	 15 	 7 	 0 	 2 	 7827.00 	 7827.00 	 0.00 	 0.05 
16 	 15 	 7 	 1 	 2 	 7817.69 	 7817.69 	 0.00 	 37.55 
16 	 15 	 7 	 2 	 2 	 7817.10 	 7817.69 	 0.00 	 26.90 
16 	 15 	 7 	 3 	 2 	 7816.96 	 7817.69 	 0.00 	 69.04 
17 	 15 	 3 	 2 	 2 	 6054.35 	 6054.75 	 0.00 	 55.72 
17 	 15 	 5 	 2 	 2 	 6999.49 	 7000.16 	 0.00 	 52.53 
17 	 15 	 7 	 0 	 2 	 7836.00 	 7836.00 	 0.00 	 0.06 
17 	 15 	 7 	 1 	 2 	 7766.67 	 7766.67 	 0.00 	 252.62 
17 	 15 	 7 	 2 	 2 	 7766.67 	 7766.67 	 0.00 	 16.91 
17 	 15 	 7 	 3 	 2 	 7766.67 	 7766.67 	 0.00 	 14.67 
18 	 15 	 3 	 2 	 2 	 8180.43 	 8180.43 	 0.00 	 21.76 
18 	 15 	 5 	 2 	 2 	 9082.69 	 9082.97 	 0.00 	 75.58 
18 	 15 	 7 	 0 	 2 	 9862.43 	 9863.00 	 0.00 	 0.07 
18 	 15 	 7 	 1 	 9 	 9769.47 	 9776.76 	 0.00 	 600.02 
18 	 15 	 7 	 2 	 9 	 9772.17 	 9776.76 	 0.00 	 600.03 
18 	 15 	 7 	 3 	 2 	 9776.04 	 9776.76 	 0.00 	 131.34 
19 	 15 	 3 	 2 	 2 	 8229.63 	 8230.04 	 0.00 	 54.08 
19 	 15 	 5 	 2 	 2 	 9169.41 	 9169.41 	 0.00 	 120.58 
19 	 15 	 7 	 0 	 2 	 10088.00 	 10088.00 	 0.00 	 0.35 
19 	 15 	 7 	 1 	 2 	 9939.64 	 9939.64 	 0.00 	 236.20 
19 	 15 	 7 	 2 	 2 	 9939.21 	 9939.64 	 0.00 	 139.87 
19 	 15 	 7 	 3 	 2 	 9938.68 	 9939.64 	 0.00 	 72.99 
20 	 15 	 3 	 2 	 2 	 6428.06 	 6428.43 	 0.00 	 90.22 
20 	 15 	 5 	 2 	 2 	 7392.52 	 7392.52 	 0.00 	 279.73 
20 	 15 	 7 	 0 	 2 	 8397.00 	 8397.00 	 0.00 	 0.17 
20 	 15 	 7 	 1 	 9 	 8260.19 	 8261.94 	 0.00 	 600.03 
20 	 15 	 7 	 2 	 9 	 8253.35 	 8260.13 	 0.00 	 600.11 
20 	 15 	 7 	 3 	 9 	 8253.35 	 8260.13 	 0.00 	 600.07 
1 	 20 	 3 	 2 	 9 	 11305.72 	 11434.17 	 0.01 	 600.04 
1 	 20 	 5 	 2 	 9 	 13122.32 	 13125.07 	 0.00 	 600.01 
1 	 20 	 7 	 0 	 2 	 14742.00 	 14742.00 	 0.00 	 0.81 
1 	 20 	 7 	 1 	 9 	 14523.28 	 14656.01 	 0.01 	 600.02 
1 	 20 	 7 	 2 	 9 	 14499.91 	 14656.01 	 0.01 	 600.02 
1 	 20 	 7 	 3 	 2 	 14655.28 	 14656.01 	 0.00 	 512.32 
2 	 20 	 3 	 2 	 9 	 12804.86 	 12966.46 	 0.01 	 600.01 
2 	 20 	 5 	 2 	 9 	 14445.34 	 14543.99 	 0.01 	 600.01 
2 	 20 	 7 	 0 	 2 	 16244.00 	 16244.00 	 0.00 	 2.06 
2 	 20 	 7 	 1 	 9 	 15938.81 	 16049.10 	 0.01 	 600.30 
2 	 20 	 7 	 2 	 9 	 15811.78 	 16046.42 	 0.01 	 600.05 
2 	 20 	 7 	 3 	 2 	 16044.89 	 16046.42 	 0.00 	 591.00 
3 	 20 	 3 	 2 	 9 	 15729.87 	 15754.14 	 0.00 	 600.03 
3 	 20 	 5 	 2 	 9 	 17484.23 	 17522.61 	 0.00 	 600.01 
3 	 20 	 7 	 0 	 2 	 19164.00 	 19164.00 	 0.00 	 8.22 
3 	 20 	 7 	 1 	 9 	 18856.08 	 18902.15 	 0.00 	 600.02 
3 	 20 	 7 	 2 	 9 	 18897.57 	 18902.15 	 0.00 	 600.03 
3 	 20 	 7 	 3 	 9 	 18886.68 	 18902.15 	 0.00 	 600.07 
4 	 20 	 3 	 2 	 9 	 12366.67 	 12563.08 	 0.02 	 600.02 
4 	 20 	 5 	 2 	 9 	 14431.81 	 14498.55 	 0.00 	 600.01 
4 	 20 	 7 	 0 	 2 	 16011.00 	 16011.00 	 0.00 	 1.49 
4 	 20 	 7 	 1 	 9 	 15776.35 	 15932.22 	 0.01 	 600.01 
4 	 20 	 7 	 2 	 9 	 15876.88 	 15932.22 	 0.00 	 600.01 
4 	 20 	 7 	 3 	 9 	 15923.47 	 15932.22 	 0.00 	 600.02 
5 	 20 	 3 	 2 	 9 	 8645.90 	 8661.88 	 0.00 	 600.03 
5 	 20 	 5 	 2 	 9 	 10134.26 	 10213.64 	 0.01 	 600.01 
5 	 20 	 7 	 0 	 2 	 11559.00 	 11559.00 	 0.00 	 0.90 
5 	 20 	 7 	 1 	 9 	 11291.72 	 11448.71 	 0.01 	 600.01 
5 	 20 	 7 	 2 	 9 	 11434.53 	 11447.31 	 0.00 	 600.21 
5 	 20 	 7 	 3 	 2 	 11446.50 	 11447.31 	 0.00 	 477.66 
6 	 20 	 3 	 2 	 9 	 10249.33 	 10391.92 	 0.01 	 600.01 
6 	 20 	 5 	 2 	 9 	 11843.78 	 11882.06 	 0.00 	 600.04 
6 	 20 	 7 	 0 	 2 	 13412.00 	 13412.00 	 0.00 	 0.91 
6 	 20 	 7 	 1 	 9 	 13017.19 	 13166.96 	 0.01 	 600.01 
6 	 20 	 7 	 2 	 9 	 12894.59 	 13166.96 	 0.02 	 600.02 
6 	 20 	 7 	 3 	 2 	 13166.57 	 13166.96 	 0.00 	 577.19 
7 	 20 	 3 	 2 	 9 	 10890.02 	 10917.13 	 0.00 	 600.01 
7 	 20 	 5 	 2 	 9 	 12345.69 	 12524.49 	 0.01 	 600.03 
7 	 20 	 7 	 0 	 2 	 13858.00 	 13858.00 	 0.00 	 0.59 
7 	 20 	 7 	 1 	 9 	 13496.69 	 13672.54 	 0.01 	 600.01 
7 	 20 	 7 	 2 	 9 	 13664.48 	 13671.56 	 0.00 	 600.05 
7 	 20 	 7 	 3 	 9 	 13648.18 	 13671.56 	 0.00 	 600.01 
8 	 20 	 3 	 2 	 9 	 12276.42 	 12413.77 	 0.01 	 600.01 
8 	 20 	 5 	 2 	 9 	 13723.94 	 13726.75 	 0.00 	 600.03 
8 	 20 	 7 	 0 	 2 	 14819.78 	 14821.00 	 0.00 	 0.36 
8 	 20 	 7 	 1 	 9 	 14583.67 	 14747.26 	 0.01 	 600.01 
8 	 20 	 7 	 2 	 9 	 14677.21 	 14747.26 	 0.00 	 600.01 
8 	 20 	 7 	 3 	 9 	 14745.26 	 14747.26 	 0.00 	 600.01 
9 	 20 	 3 	 2 	 9 	 12709.60 	 12849.28 	 0.01 	 600.01 
9 	 20 	 5 	 2 	 9 	 14208.36 	 14250.95 	 0.00 	 600.02 
9 	 20 	 7 	 0 	 2 	 15507.00 	 15507.00 	 0.00 	 0.46 
9 	 20 	 7 	 1 	 9 	 15170.79 	 15312.73 	 0.01 	 600.03 
9 	 20 	 7 	 2 	 9 	 15280.03 	 15312.73 	 0.00 	 600.02 
9 	 20 	 7 	 3 	 9 	 15289.57 	 15312.73 	 0.00 	 600.02 
10 	 20 	 3 	 2 	 9 	 7028.92 	 7105.25 	 0.01 	 600.01 
10 	 20 	 5 	 2 	 9 	 8373.97 	 8457.01 	 0.01 	 600.01 
10 	 20 	 7 	 0 	 2 	 9717.00 	 9717.00 	 0.00 	 0.34 
10 	 20 	 7 	 1 	 9 	 9458.06 	 9657.70 	 0.02 	 600.02 
10 	 20 	 7 	 2 	 9 	 9631.58 	 9657.66 	 0.00 	 600.02 
10 	 20 	 7 	 3 	 9 	 9601.17 	 9657.66 	 0.01 	 600.01 
11 	 20 	 3 	 2 	 2 	 9694.84 	 9695.69 	 0.00 	 516.02 
11 	 20 	 5 	 2 	 9 	 10951.44 	 11085.15 	 0.01 	 600.01 
11 	 20 	 7 	 0 	 2 	 12382.00 	 12382.00 	 0.00 	 0.53 
11 	 20 	 7 	 1 	 9 	 12119.04 	 12263.32 	 0.01 	 600.02 
11 	 20 	 7 	 2 	 9 	 12191.79 	 12263.22 	 0.01 	 600.01 
11 	 20 	 7 	 3 	 2 	 12262.04 	 12263.22 	 0.00 	 585.29 
12 	 20 	 3 	 2 	 9 	 10908.68 	 10962.33 	 0.00 	 600.01 
12 	 20 	 5 	 2 	 9 	 12217.94 	 12228.70 	 0.00 	 600.02 
12 	 20 	 7 	 0 	 2 	 13278.00 	 13278.00 	 0.00 	 0.11 
12 	 20 	 7 	 1 	 9 	 13175.54 	 13247.41 	 0.01 	 600.01 
12 	 20 	 7 	 2 	 9 	 13231.87 	 13247.41 	 0.00 	 600.01 
12 	 20 	 7 	 3 	 2 	 13247.41 	 13247.41 	 0.00 	 253.60 
13 	 20 	 3 	 2 	 9 	 9409.57 	 9637.49 	 0.02 	 600.01 
13 	 20 	 5 	 2 	 9 	 10653.81 	 10867.70 	 0.02 	 600.01 
13 	 20 	 7 	 0 	 2 	 12105.00 	 12105.00 	 0.00 	 0.55 
13 	 20 	 7 	 1 	 9 	 11730.03 	 12014.09 	 0.02 	 600.01 
13 	 20 	 7 	 2 	 9 	 11975.52 	 12014.09 	 0.00 	 600.01 
13 	 20 	 7 	 3 	 9 	 11981.95 	 12014.09 	 0.00 	 600.02 
14 	 20 	 3 	 2 	 9 	 14204.78 	 14275.06 	 0.00 	 600.08 
14 	 20 	 5 	 2 	 9 	 15747.48 	 15770.76 	 0.00 	 600.01 
14 	 20 	 7 	 0 	 2 	 17149.00 	 17149.00 	 0.00 	 1.27 
14 	 20 	 7 	 1 	 9 	 16928.92 	 16981.47 	 0.00 	 600.01 
14 	 20 	 7 	 2 	 9 	 16922.13 	 16979.34 	 0.00 	 600.03 
14 	 20 	 7 	 3 	 9 	 16943.62 	 16979.34 	 0.00 	 600.02 
15 	 20 	 3 	 2 	 9 	 10859.62 	 10886.03 	 0.00 	 600.04 
15 	 20 	 5 	 2 	 9 	 12035.05 	 12148.09 	 0.01 	 600.01 
15 	 20 	 7 	 0 	 2 	 13469.00 	 13469.00 	 0.00 	 0.55 
15 	 20 	 7 	 1 	 9 	 13232.34 	 13322.44 	 0.01 	 600.01 
15 	 20 	 7 	 2 	 9 	 13256.65 	 13319.49 	 0.00 	 600.01 
15 	 20 	 7 	 3 	 9 	 13315.76 	 13319.49 	 0.00 	 600.01 
16 	 20 	 3 	 2 	 9 	 13114.39 	 13138.44 	 0.00 	 600.01 
16 	 20 	 5 	 2 	 9 	 14974.23 	 15005.71 	 0.00 	 600.04 
16 	 20 	 7 	 0 	 2 	 17005.00 	 17005.00 	 0.00 	 7.84 
16 	 20 	 7 	 1 	 9 	 16554.81 	 16636.42 	 0.00 	 600.04 
16 	 20 	 7 	 2 	 9 	 16583.81 	 16629.19 	 0.00 	 600.05 
16 	 20 	 7 	 3 	 9 	 16619.68 	 16629.19 	 0.00 	 600.02 
17 	 20 	 3 	 2 	 9 	 13247.20 	 13358.46 	 0.01 	 600.02 
17 	 20 	 5 	 2 	 9 	 15018.72 	 15170.96 	 0.01 	 600.03 
17 	 20 	 7 	 0 	 2 	 16914.00 	 16914.00 	 0.00 	 1.77 
17 	 20 	 7 	 1 	 9 	 16512.04 	 16648.02 	 0.01 	 600.01 
17 	 20 	 7 	 2 	 9 	 16615.97 	 16646.08 	 0.00 	 600.03 
17 	 20 	 7 	 3 	 2 	 16645.98 	 16646.08 	 0.00 	 576.85 
18 	 20 	 3 	 2 	 9 	 9837.01 	 10058.06 	 0.02 	 600.01 
18 	 20 	 5 	 2 	 9 	 11398.96 	 11426.83 	 0.00 	 600.01 
18 	 20 	 7 	 0 	 2 	 12769.00 	 12769.00 	 0.00 	 0.31 
18 	 20 	 7 	 1 	 9 	 12626.39 	 12690.86 	 0.01 	 600.01 
18 	 20 	 7 	 2 	 9 	 12664.30 	 12690.86 	 0.00 	 600.01 
18 	 20 	 7 	 3 	 9 	 12687.06 	 12690.86 	 0.00 	 600.02 
19 	 20 	 3 	 2 	 2 	 13023.20 	 13024.18 	 0.00 	 411.36 
19 	 20 	 5 	 2 	 9 	 14335.29 	 14377.05 	 0.00 	 600.01 
19 	 20 	 7 	 0 	 2 	 15709.00 	 15709.00 	 0.00 	 0.34 
19 	 20 	 7 	 1 	 9 	 15541.69 	 15662.88 	 0.01 	 600.02 
19 	 20 	 7 	 2 	 9 	 15642.58 	 15662.88 	 0.00 	 600.01 
19 	 20 	 7 	 3 	 9 	 15648.94 	 15662.88 	 0.00 	 600.01 
20 	 20 	 3 	 2 	 9 	 16116.56 	 16193.85 	 0.00 	 600.02 
20 	 20 	 5 	 2 	 9 	 17470.19 	 17530.85 	 0.00 	 600.04 
20 	 20 	 7 	 0 	 2 	 18898.00 	 18898.00 	 0.00 	 2.08 
20 	 20 	 7 	 1 	 9 	 18593.46 	 18661.34 	 0.00 	 600.03 
20 	 20 	 7 	 2 	 9 	 18617.17 	 18657.76 	 0.00 	 600.05 
20 	 20 	 7 	 3 	 2 	 18655.90 	 18657.76 	 0.00 	 353.41 
