instance 	 n 	 Gamma 	 Delta 	 status 	 objbound 	 objval 	 mipgap 	 runtime 
1 	 10 	 3 	 2 	 2 	 4452.87 	 4452.87 	 0.0000 	 4.67 
1 	 10 	 5 	 2 	 2 	 4985.21 	 4985.21 	 0.0000 	 1.41 
1 	 10 	 7 	 0 	 2 	 5369.00 	 5369.00 	 0.0000 	 0.01 
1 	 10 	 7 	 1 	 2 	 5369.00 	 5369.00 	 0.0000 	 1.63 
1 	 10 	 7 	 2 	 2 	 5369.00 	 5369.00 	 0.0000 	 1.47 
1 	 10 	 7 	 3 	 2 	 5369.00 	 5369.00 	 0.0000 	 1.65 
2 	 10 	 3 	 2 	 2 	 3526.25 	 3526.25 	 0.0000 	 1.23 
2 	 10 	 5 	 2 	 2 	 4374.52 	 4374.52 	 0.0000 	 1.31 
2 	 10 	 7 	 0 	 2 	 4847.00 	 4847.00 	 0.0000 	 0.01 
2 	 10 	 7 	 1 	 2 	 4847.00 	 4847.00 	 0.0000 	 1.79 
2 	 10 	 7 	 2 	 2 	 4847.00 	 4847.00 	 0.0000 	 1.49 
2 	 10 	 7 	 3 	 2 	 4847.00 	 4847.00 	 0.0000 	 1.43 
3 	 10 	 3 	 2 	 2 	 4498.80 	 4499.25 	 0.0001 	 1.48 
3 	 10 	 5 	 2 	 2 	 5284.78 	 5285.12 	 0.0001 	 1.86 
3 	 10 	 7 	 0 	 2 	 5954.00 	 5954.00 	 0.0000 	 0.02 
3 	 10 	 7 	 1 	 2 	 5877.30 	 5877.30 	 0.0000 	 2.94 
3 	 10 	 7 	 2 	 2 	 5877.30 	 5877.30 	 0.0000 	 1.74 
3 	 10 	 7 	 3 	 2 	 5877.30 	 5877.68 	 0.0001 	 1.86 
4 	 10 	 3 	 2 	 2 	 4323.29 	 4323.29 	 0.0000 	 1.27 
4 	 10 	 5 	 2 	 2 	 5006.01 	 5006.01 	 0.0000 	 1.34 
4 	 10 	 7 	 0 	 2 	 5640.00 	 5640.00 	 0.0000 	 0.03 
4 	 10 	 7 	 1 	 2 	 5582.51 	 5582.51 	 0.0000 	 2.37 
4 	 10 	 7 	 2 	 2 	 5582.51 	 5582.51 	 0.0000 	 4.81 
4 	 10 	 7 	 3 	 2 	 5582.51 	 5582.51 	 0.0000 	 14.57 
5 	 10 	 3 	 2 	 2 	 4721.38 	 4721.38 	 0.0000 	 2.86 
5 	 10 	 5 	 2 	 2 	 5578.36 	 5578.36 	 0.0000 	 1.23 
5 	 10 	 7 	 0 	 2 	 6341.38 	 6342.00 	 0.0001 	 0.02 
5 	 10 	 7 	 1 	 2 	 6298.42 	 6298.42 	 0.0000 	 1.93 
5 	 10 	 7 	 2 	 2 	 6298.42 	 6298.42 	 0.0000 	 2.21 
5 	 10 	 7 	 3 	 2 	 6298.42 	 6298.97 	 0.0001 	 1.82 
6 	 10 	 3 	 2 	 2 	 5555.67 	 5555.67 	 0.0000 	 1.50 
6 	 10 	 5 	 2 	 2 	 6007.53 	 6007.53 	 0.0000 	 2.01 
6 	 10 	 7 	 0 	 2 	 6327.00 	 6327.00 	 0.0000 	 0.01 
6 	 10 	 7 	 1 	 2 	 6323.67 	 6323.67 	 0.0000 	 3.08 
6 	 10 	 7 	 2 	 2 	 6323.67 	 6323.67 	 0.0000 	 2.37 
6 	 10 	 7 	 3 	 2 	 6323.67 	 6323.67 	 0.0000 	 2.00 
7 	 10 	 3 	 2 	 2 	 4691.27 	 4691.45 	 0.0000 	 8.18 
7 	 10 	 5 	 2 	 2 	 5328.36 	 5328.36 	 0.0000 	 10.41 
7 	 10 	 7 	 0 	 2 	 5832.00 	 5832.00 	 0.0000 	 0.01 
7 	 10 	 7 	 1 	 2 	 5806.94 	 5806.94 	 0.0000 	 1.88 
7 	 10 	 7 	 2 	 2 	 5806.94 	 5806.94 	 0.0000 	 4.92 
7 	 10 	 7 	 3 	 2 	 5806.94 	 5806.94 	 0.0000 	 24.68 
8 	 10 	 3 	 2 	 2 	 3933.30 	 3933.30 	 0.0000 	 6.75 
8 	 10 	 5 	 2 	 2 	 4781.67 	 4782.06 	 0.0001 	 3.98 
8 	 10 	 7 	 0 	 2 	 5353.00 	 5353.00 	 0.0000 	 0.02 
8 	 10 	 7 	 1 	 2 	 5319.51 	 5320.01 	 0.0001 	 1.77 
8 	 10 	 7 	 2 	 2 	 5320.01 	 5320.01 	 0.0000 	 1.43 
8 	 10 	 7 	 3 	 2 	 5320.01 	 5320.01 	 0.0000 	 1.34 
9 	 10 	 3 	 2 	 2 	 3931.72 	 3931.72 	 0.0000 	 3.19 
9 	 10 	 5 	 2 	 2 	 4431.24 	 4431.24 	 0.0000 	 20.54 
9 	 10 	 7 	 0 	 2 	 4939.00 	 4939.00 	 0.0000 	 0.03 
9 	 10 	 7 	 1 	 2 	 4894.78 	 4894.78 	 0.0000 	 1.37 
9 	 10 	 7 	 2 	 2 	 4894.78 	 4894.82 	 0.0000 	 1.44 
9 	 10 	 7 	 3 	 2 	 4894.78 	 4894.78 	 0.0000 	 26.31 
10 	 10 	 3 	 2 	 2 	 2432.43 	 2432.43 	 0.0000 	 5.46 
10 	 10 	 5 	 2 	 2 	 3101.32 	 3101.55 	 0.0001 	 1.55 
10 	 10 	 7 	 0 	 2 	 3577.00 	 3577.00 	 0.0000 	 0.01 
10 	 10 	 7 	 1 	 2 	 3577.00 	 3577.00 	 0.0000 	 2.39 
10 	 10 	 7 	 2 	 2 	 3577.00 	 3577.00 	 0.0000 	 2.12 
10 	 10 	 7 	 3 	 2 	 3577.00 	 3577.00 	 0.0000 	 1.52 
11 	 10 	 3 	 2 	 2 	 3864.65 	 3864.65 	 0.0000 	 1.59 
11 	 10 	 5 	 2 	 2 	 4623.90 	 4623.90 	 0.0000 	 2.12 
11 	 10 	 7 	 0 	 2 	 5249.00 	 5249.00 	 0.0000 	 0.03 
11 	 10 	 7 	 1 	 2 	 5219.78 	 5219.78 	 0.0000 	 2.07 
11 	 10 	 7 	 2 	 2 	 5219.78 	 5219.78 	 0.0000 	 3.74 
11 	 10 	 7 	 3 	 2 	 5219.78 	 5219.78 	 0.0000 	 1.88 
12 	 10 	 3 	 2 	 2 	 3406.58 	 3406.58 	 0.0000 	 1.64 
12 	 10 	 5 	 2 	 2 	 3970.01 	 3970.01 	 0.0000 	 2.65 
12 	 10 	 7 	 0 	 2 	 4398.00 	 4398.00 	 0.0000 	 0.01 
12 	 10 	 7 	 1 	 2 	 4398.00 	 4398.00 	 0.0000 	 1.44 
12 	 10 	 7 	 2 	 2 	 4398.00 	 4398.00 	 0.0000 	 1.89 
12 	 10 	 7 	 3 	 2 	 4398.00 	 4398.00 	 0.0000 	 1.51 
13 	 10 	 3 	 2 	 2 	 4561.17 	 4561.49 	 0.0001 	 1.47 
13 	 10 	 5 	 2 	 2 	 5488.18 	 5488.18 	 0.0000 	 1.47 
13 	 10 	 7 	 0 	 2 	 6333.00 	 6333.00 	 0.0000 	 0.04 
13 	 10 	 7 	 1 	 2 	 6205.51 	 6205.51 	 0.0000 	 4.20 
13 	 10 	 7 	 2 	 2 	 6205.51 	 6205.51 	 0.0000 	 1.60 
13 	 10 	 7 	 3 	 2 	 6205.51 	 6205.51 	 0.0000 	 1.31 
14 	 10 	 3 	 2 	 2 	 3083.00 	 3083.00 	 0.0000 	 1.99 
14 	 10 	 5 	 2 	 2 	 3324.39 	 3324.39 	 0.0000 	 1.47 
14 	 10 	 7 	 0 	 2 	 3520.00 	 3520.00 	 0.0000 	 0.01 
14 	 10 	 7 	 1 	 2 	 3520.00 	 3520.00 	 0.0000 	 1.70 
14 	 10 	 7 	 2 	 2 	 3520.00 	 3520.00 	 0.0000 	 1.28 
14 	 10 	 7 	 3 	 2 	 3520.00 	 3520.00 	 0.0000 	 1.69 
15 	 10 	 3 	 2 	 2 	 4734.71 	 4734.71 	 0.0000 	 1.42 
15 	 10 	 5 	 2 	 2 	 5204.87 	 5204.87 	 0.0000 	 22.03 
15 	 10 	 7 	 0 	 2 	 5551.00 	 5551.00 	 0.0000 	 0.01 
15 	 10 	 7 	 1 	 2 	 5551.00 	 5551.00 	 0.0000 	 1.63 
15 	 10 	 7 	 2 	 2 	 5551.00 	 5551.00 	 0.0000 	 1.72 
15 	 10 	 7 	 3 	 2 	 5551.00 	 5551.00 	 0.0000 	 1.93 
16 	 10 	 3 	 2 	 2 	 3458.07 	 3458.07 	 0.0000 	 1.80 
16 	 10 	 5 	 2 	 2 	 4022.25 	 4022.25 	 0.0000 	 1.58 
16 	 10 	 7 	 0 	 2 	 4466.00 	 4466.00 	 0.0000 	 0.02 
16 	 10 	 7 	 1 	 2 	 4459.99 	 4459.99 	 0.0000 	 1.72 
16 	 10 	 7 	 2 	 2 	 4459.99 	 4459.99 	 0.0000 	 1.73 
16 	 10 	 7 	 3 	 2 	 4459.99 	 4460.16 	 0.0000 	 1.54 
17 	 10 	 3 	 2 	 2 	 4026.58 	 4026.58 	 0.0000 	 1.33 
17 	 10 	 5 	 2 	 2 	 4456.27 	 4456.27 	 0.0000 	 1.31 
17 	 10 	 7 	 0 	 2 	 4817.00 	 4817.00 	 0.0000 	 0.01 
17 	 10 	 7 	 1 	 2 	 4817.00 	 4817.00 	 0.0000 	 2.20 
17 	 10 	 7 	 2 	 2 	 4817.00 	 4817.00 	 0.0000 	 1.30 
17 	 10 	 7 	 3 	 2 	 4817.00 	 4817.00 	 0.0000 	 1.50 
18 	 10 	 3 	 2 	 2 	 4468.17 	 4468.17 	 0.0000 	 1.70 
18 	 10 	 5 	 2 	 2 	 5153.93 	 5153.93 	 0.0000 	 1.79 
18 	 10 	 7 	 0 	 2 	 5839.00 	 5839.00 	 0.0000 	 0.03 
18 	 10 	 7 	 1 	 2 	 5779.36 	 5779.36 	 0.0000 	 3.48 
18 	 10 	 7 	 2 	 2 	 5779.36 	 5779.36 	 0.0000 	 2.12 
18 	 10 	 7 	 3 	 2 	 5779.36 	 5779.36 	 0.0000 	 14.03 
19 	 10 	 3 	 2 	 2 	 2670.31 	 2670.31 	 0.0000 	 1.61 
19 	 10 	 5 	 2 	 2 	 3260.78 	 3260.78 	 0.0000 	 1.35 
19 	 10 	 7 	 0 	 2 	 3684.00 	 3684.00 	 0.0000 	 0.02 
19 	 10 	 7 	 1 	 2 	 3656.61 	 3656.61 	 0.0000 	 1.36 
19 	 10 	 7 	 2 	 2 	 3656.61 	 3656.61 	 0.0000 	 1.73 
19 	 10 	 7 	 3 	 2 	 3656.61 	 3656.61 	 0.0000 	 1.52 
20 	 10 	 3 	 2 	 2 	 2589.80 	 2589.80 	 0.0000 	 1.63 
20 	 10 	 5 	 2 	 2 	 3174.61 	 3174.68 	 0.0000 	 1.22 
20 	 10 	 7 	 0 	 2 	 3557.00 	 3557.00 	 0.0000 	 0.01 
20 	 10 	 7 	 1 	 2 	 3556.14 	 3556.14 	 0.0000 	 1.93 
20 	 10 	 7 	 2 	 2 	 3556.14 	 3556.14 	 0.0000 	 1.46 
20 	 10 	 7 	 3 	 2 	 3556.14 	 3556.14 	 0.0000 	 2.21 
1 	 15 	 3 	 2 	 2 	 8178.40 	 8178.40 	 0.0000 	 73.11 
1 	 15 	 5 	 2 	 2 	 9421.27 	 9421.27 	 0.0000 	 169.35 
1 	 15 	 7 	 0 	 2 	 10419.00 	 10419.00 	 0.0000 	 0.13 
1 	 15 	 7 	 1 	 2 	 10342.53 	 10343.34 	 0.0001 	 156.32 
1 	 15 	 7 	 2 	 2 	 10342.53 	 10343.34 	 0.0001 	 46.72 
1 	 15 	 7 	 3 	 2 	 10342.53 	 10343.34 	 0.0001 	 50.94 
2 	 15 	 3 	 2 	 2 	 7050.55 	 7050.55 	 0.0000 	 64.13 
2 	 15 	 5 	 2 	 2 	 8355.07 	 8355.46 	 0.0000 	 56.32 
2 	 15 	 7 	 0 	 2 	 9536.00 	 9536.00 	 0.0000 	 0.48 
2 	 15 	 7 	 1 	 9 	 9380.77 	 9410.01 	 0.0031 	 600.01 
2 	 15 	 7 	 2 	 2 	 9409.10 	 9410.01 	 0.0001 	 100.37 
2 	 15 	 7 	 3 	 2 	 9410.01 	 9410.01 	 0.0000 	 11.56 
3 	 15 	 3 	 2 	 2 	 7832.04 	 7832.74 	 0.0001 	 84.31 
3 	 15 	 5 	 2 	 2 	 9034.96 	 9035.67 	 0.0001 	 112.13 
3 	 15 	 7 	 0 	 2 	 10226.00 	 10226.00 	 0.0000 	 0.26 
3 	 15 	 7 	 1 	 2 	 10058.44 	 10058.44 	 0.0000 	 137.82 
3 	 15 	 7 	 2 	 2 	 10058.44 	 10058.44 	 0.0000 	 72.72 
3 	 15 	 7 	 3 	 2 	 10058.44 	 10058.44 	 0.0000 	 17.38 
4 	 15 	 3 	 2 	 2 	 10570.23 	 10570.93 	 0.0001 	 208.60 
4 	 15 	 5 	 2 	 2 	 11577.31 	 11577.31 	 0.0000 	 65.84 
4 	 15 	 7 	 0 	 2 	 12469.00 	 12469.00 	 0.0000 	 0.07 
4 	 15 	 7 	 1 	 2 	 12380.25 	 12380.25 	 0.0000 	 270.16 
4 	 15 	 7 	 2 	 2 	 12379.66 	 12380.25 	 0.0000 	 79.22 
4 	 15 	 7 	 3 	 2 	 12380.25 	 12380.25 	 0.0000 	 109.64 
5 	 15 	 3 	 2 	 2 	 7984.44 	 7984.44 	 0.0000 	 69.19 
5 	 15 	 5 	 2 	 9 	 9210.50 	 9252.22 	 0.0045 	 600.01 
5 	 15 	 7 	 0 	 2 	 10297.39 	 10298.00 	 0.0001 	 0.18 
5 	 15 	 7 	 1 	 9 	 10264.24 	 10268.33 	 0.0004 	 600.03 
5 	 15 	 7 	 2 	 2 	 10267.37 	 10268.33 	 0.0001 	 491.42 
5 	 15 	 7 	 3 	 2 	 10267.67 	 10268.33 	 0.0001 	 98.38 
6 	 15 	 3 	 2 	 9 	 7732.18 	 7733.15 	 0.0001 	 600.03 
6 	 15 	 5 	 2 	 2 	 8652.36 	 8652.98 	 0.0001 	 270.24 
6 	 15 	 7 	 0 	 2 	 9464.00 	 9464.00 	 0.0000 	 0.29 
6 	 15 	 7 	 1 	 9 	 9329.87 	 9338.79 	 0.0010 	 600.05 
6 	 15 	 7 	 2 	 9 	 9326.07 	 9338.79 	 0.0014 	 600.04 
6 	 15 	 7 	 3 	 9 	 9326.07 	 9338.79 	 0.0014 	 600.03 
7 	 15 	 3 	 2 	 2 	 5192.98 	 5192.98 	 0.0000 	 115.29 
7 	 15 	 5 	 2 	 2 	 6400.75 	 6400.91 	 0.0000 	 213.29 
7 	 15 	 7 	 0 	 2 	 7679.00 	 7679.00 	 0.0000 	 0.19 
7 	 15 	 7 	 1 	 2 	 7566.14 	 7566.14 	 0.0000 	 113.20 
7 	 15 	 7 	 2 	 2 	 7566.14 	 7566.14 	 0.0000 	 13.90 
7 	 15 	 7 	 3 	 2 	 7566.14 	 7566.14 	 0.0000 	 19.12 
8 	 15 	 3 	 2 	 2 	 6150.80 	 6150.80 	 0.0000 	 25.01 
8 	 15 	 5 	 2 	 2 	 7026.81 	 7026.81 	 0.0000 	 72.23 
8 	 15 	 7 	 0 	 2 	 7798.00 	 7798.00 	 0.0000 	 0.06 
8 	 15 	 7 	 1 	 9 	 7699.36 	 7717.32 	 0.0023 	 600.05 
8 	 15 	 7 	 2 	 9 	 7702.78 	 7717.32 	 0.0019 	 600.02 
8 	 15 	 7 	 3 	 2 	 7717.32 	 7717.32 	 0.0000 	 64.40 
9 	 15 	 3 	 2 	 2 	 6834.42 	 6834.92 	 0.0001 	 107.48 
9 	 15 	 5 	 2 	 2 	 8046.99 	 8047.54 	 0.0001 	 85.39 
9 	 15 	 7 	 0 	 2 	 9218.00 	 9218.00 	 0.0000 	 0.59 
9 	 15 	 7 	 1 	 9 	 8999.71 	 9001.24 	 0.0002 	 600.06 
9 	 15 	 7 	 2 	 2 	 8999.04 	 8999.71 	 0.0001 	 17.38 
9 	 15 	 7 	 3 	 2 	 8999.71 	 8999.71 	 0.0000 	 11.90 
10 	 15 	 3 	 2 	 2 	 8453.00 	 8453.76 	 0.0001 	 316.33 
10 	 15 	 5 	 2 	 2 	 9049.18 	 9049.84 	 0.0001 	 471.38 
10 	 15 	 7 	 0 	 2 	 9560.53 	 9561.00 	 0.0000 	 0.05 
10 	 15 	 7 	 1 	 2 	 9522.27 	 9522.27 	 0.0000 	 215.66 
10 	 15 	 7 	 2 	 2 	 9521.34 	 9522.27 	 0.0001 	 151.70 
10 	 15 	 7 	 3 	 2 	 9522.27 	 9522.27 	 0.0000 	 332.13 
11 	 15 	 3 	 2 	 2 	 7641.90 	 7641.90 	 0.0000 	 80.91 
11 	 15 	 5 	 2 	 2 	 8684.29 	 8684.85 	 0.0001 	 143.40 
11 	 15 	 7 	 0 	 2 	 9703.00 	 9703.00 	 0.0000 	 0.33 
11 	 15 	 7 	 1 	 9 	 9566.05 	 9574.31 	 0.0009 	 600.03 
11 	 15 	 7 	 2 	 2 	 9573.60 	 9574.26 	 0.0001 	 142.39 
11 	 15 	 7 	 3 	 2 	 9574.26 	 9574.26 	 0.0000 	 16.10 
12 	 15 	 3 	 2 	 2 	 7195.58 	 7195.88 	 0.0000 	 163.85 
12 	 15 	 5 	 2 	 9 	 7954.34 	 7956.34 	 0.0003 	 600.13 
12 	 15 	 7 	 0 	 2 	 8706.50 	 8707.00 	 0.0001 	 0.06 
12 	 15 	 7 	 1 	 9 	 8586.31 	 8627.18 	 0.0047 	 600.06 
12 	 15 	 7 	 2 	 9 	 8588.85 	 8627.18 	 0.0044 	 600.02 
12 	 15 	 7 	 3 	 9 	 8588.85 	 8627.18 	 0.0044 	 600.02 
13 	 15 	 3 	 2 	 2 	 4825.69 	 4826.03 	 0.0001 	 365.12 
13 	 15 	 5 	 2 	 2 	 5852.21 	 5852.65 	 0.0001 	 84.93 
13 	 15 	 7 	 0 	 2 	 6616.37 	 6617.00 	 0.0001 	 0.06 
13 	 15 	 7 	 1 	 2 	 6604.12 	 6604.12 	 0.0000 	 43.80 
13 	 15 	 7 	 2 	 2 	 6603.49 	 6604.12 	 0.0001 	 172.85 
13 	 15 	 7 	 3 	 2 	 6603.49 	 6604.12 	 0.0001 	 19.15 
14 	 15 	 3 	 2 	 2 	 6067.82 	 6068.34 	 0.0001 	 30.74 
14 	 15 	 5 	 2 	 2 	 7265.94 	 7265.94 	 0.0000 	 119.90 
14 	 15 	 7 	 0 	 2 	 8232.00 	 8232.00 	 0.0000 	 0.27 
14 	 15 	 7 	 1 	 2 	 8152.38 	 8152.38 	 0.0000 	 299.11 
14 	 15 	 7 	 2 	 2 	 8152.38 	 8152.38 	 0.0000 	 104.96 
14 	 15 	 7 	 3 	 2 	 8152.26 	 8152.38 	 0.0000 	 209.66 
15 	 15 	 3 	 2 	 2 	 6205.66 	 6206.14 	 0.0001 	 102.16 
15 	 15 	 5 	 2 	 2 	 7118.75 	 7119.25 	 0.0001 	 110.34 
15 	 15 	 7 	 0 	 2 	 7938.00 	 7938.00 	 0.0000 	 0.10 
15 	 15 	 7 	 1 	 2 	 7917.28 	 7917.96 	 0.0001 	 435.19 
15 	 15 	 7 	 2 	 2 	 7917.21 	 7917.96 	 0.0001 	 175.20 
15 	 15 	 7 	 3 	 2 	 7917.96 	 7917.96 	 0.0000 	 32.18 
16 	 15 	 3 	 2 	 2 	 6482.68 	 6483.31 	 0.0001 	 16.75 
16 	 15 	 5 	 2 	 2 	 7206.38 	 7206.66 	 0.0000 	 27.01 
16 	 15 	 7 	 0 	 2 	 7827.00 	 7827.00 	 0.0000 	 0.04 
16 	 15 	 7 	 1 	 2 	 7817.69 	 7817.69 	 0.0000 	 16.98 
16 	 15 	 7 	 2 	 2 	 7817.19 	 7817.69 	 0.0001 	 21.85 
16 	 15 	 7 	 3 	 2 	 7817.33 	 7817.69 	 0.0000 	 13.56 
17 	 15 	 3 	 2 	 2 	 6054.15 	 6054.75 	 0.0001 	 32.05 
17 	 15 	 5 	 2 	 2 	 6999.58 	 7000.16 	 0.0001 	 17.17 
17 	 15 	 7 	 0 	 2 	 7836.00 	 7836.00 	 0.0000 	 0.05 
17 	 15 	 7 	 1 	 2 	 7766.67 	 7766.67 	 0.0000 	 74.39 
17 	 15 	 7 	 2 	 2 	 7766.67 	 7766.67 	 0.0000 	 15.67 
17 	 15 	 7 	 3 	 2 	 7766.67 	 7766.67 	 0.0000 	 89.67 
18 	 15 	 3 	 2 	 2 	 8180.43 	 8180.43 	 0.0000 	 20.40 
18 	 15 	 5 	 2 	 2 	 9082.97 	 9082.97 	 0.0000 	 75.51 
18 	 15 	 7 	 0 	 2 	 9863.00 	 9863.00 	 0.0000 	 0.06 
18 	 15 	 7 	 1 	 2 	 9776.67 	 9776.76 	 0.0000 	 514.75 
18 	 15 	 7 	 2 	 2 	 9776.45 	 9776.76 	 0.0000 	 20.32 
18 	 15 	 7 	 3 	 9 	 9771.08 	 9776.76 	 0.0006 	 600.02 
19 	 15 	 3 	 2 	 2 	 8229.63 	 8230.04 	 0.0000 	 53.86 
19 	 15 	 5 	 2 	 2 	 9168.51 	 9169.41 	 0.0001 	 156.98 
19 	 15 	 7 	 0 	 2 	 10088.00 	 10088.00 	 0.0000 	 0.36 
19 	 15 	 7 	 1 	 9 	 9886.44 	 9939.64 	 0.0054 	 600.01 
19 	 15 	 7 	 2 	 2 	 9939.64 	 9939.64 	 0.0000 	 160.77 
19 	 15 	 7 	 3 	 2 	 9939.64 	 9939.64 	 0.0000 	 13.07 
20 	 15 	 3 	 2 	 2 	 6428.43 	 6428.43 	 0.0000 	 177.05 
20 	 15 	 5 	 2 	 9 	 7390.50 	 7392.52 	 0.0003 	 600.04 
20 	 15 	 7 	 0 	 2 	 8397.00 	 8397.00 	 0.0000 	 0.26 
20 	 15 	 7 	 1 	 9 	 8253.35 	 8261.94 	 0.0010 	 600.05 
20 	 15 	 7 	 2 	 9 	 8253.35 	 8260.13 	 0.0008 	 600.09 
20 	 15 	 7 	 3 	 2 	 8260.13 	 8260.13 	 0.0000 	 14.88 
1 	 20 	 3 	 2 	 9 	 11417.50 	 11434.17 	 0.0015 	 600.02 
1 	 20 	 5 	 2 	 9 	 13055.51 	 13125.07 	 0.0053 	 600.01 
1 	 20 	 7 	 0 	 2 	 14742.00 	 14742.00 	 0.0000 	 0.89 
1 	 20 	 7 	 1 	 9 	 14546.57 	 14656.01 	 0.0075 	 600.01 
1 	 20 	 7 	 2 	 9 	 14599.62 	 14656.01 	 0.0038 	 600.01 
1 	 20 	 7 	 3 	 2 	 14655.71 	 14656.01 	 0.0000 	 541.00 
2 	 20 	 3 	 2 	 9 	 12788.53 	 12966.46 	 0.0137 	 600.01 
2 	 20 	 5 	 2 	 9 	 14530.85 	 14543.99 	 0.0009 	 600.03 
2 	 20 	 7 	 0 	 2 	 16244.00 	 16244.00 	 0.0000 	 2.11 
2 	 20 	 7 	 1 	 9 	 15926.17 	 16049.87 	 0.0077 	 600.01 
2 	 20 	 7 	 2 	 9 	 15751.26 	 16046.42 	 0.0184 	 600.01 
2 	 20 	 7 	 3 	 9 	 16041.49 	 16046.42 	 0.0003 	 600.16 
3 	 20 	 3 	 2 	 9 	 15732.15 	 15754.14 	 0.0014 	 600.03 
3 	 20 	 5 	 2 	 9 	 17436.41 	 17522.61 	 0.0049 	 600.02 
3 	 20 	 7 	 0 	 2 	 19164.00 	 19164.00 	 0.0000 	 5.50 
3 	 20 	 7 	 1 	 9 	 18843.85 	 18902.15 	 0.0031 	 600.01 
3 	 20 	 7 	 2 	 9 	 18895.74 	 18902.15 	 0.0003 	 600.05 
3 	 20 	 7 	 3 	 2 	 18900.35 	 18902.15 	 0.0001 	 323.77 
4 	 20 	 3 	 2 	 9 	 12377.29 	 12563.08 	 0.0148 	 600.01 
4 	 20 	 5 	 2 	 9 	 14438.84 	 14498.55 	 0.0041 	 600.02 
4 	 20 	 7 	 0 	 2 	 16011.00 	 16011.00 	 0.0000 	 1.19 
4 	 20 	 7 	 1 	 9 	 15757.63 	 15932.22 	 0.0110 	 600.01 
4 	 20 	 7 	 2 	 9 	 15881.58 	 15932.22 	 0.0032 	 600.01 
4 	 20 	 7 	 3 	 9 	 15911.47 	 15932.22 	 0.0013 	 600.02 
5 	 20 	 3 	 2 	 9 	 8635.58 	 8661.88 	 0.0030 	 600.03 
5 	 20 	 5 	 2 	 9 	 10112.12 	 10213.64 	 0.0099 	 600.01 
5 	 20 	 7 	 0 	 2 	 11559.00 	 11559.00 	 0.0000 	 0.84 
5 	 20 	 7 	 1 	 9 	 11275.19 	 11448.71 	 0.0152 	 600.01 
5 	 20 	 7 	 2 	 9 	 11429.28 	 11447.31 	 0.0016 	 600.01 
5 	 20 	 7 	 3 	 2 	 11447.31 	 11447.31 	 0.0000 	 529.88 
6 	 20 	 3 	 2 	 9 	 10259.17 	 10391.92 	 0.0128 	 600.01 
6 	 20 	 5 	 2 	 9 	 11846.84 	 11882.06 	 0.0030 	 600.01 
6 	 20 	 7 	 0 	 2 	 13412.00 	 13412.00 	 0.0000 	 1.28 
6 	 20 	 7 	 1 	 9 	 13062.37 	 13166.96 	 0.0079 	 600.01 
6 	 20 	 7 	 2 	 9 	 13007.39 	 13166.96 	 0.0121 	 600.15 
6 	 20 	 7 	 3 	 9 	 13024.69 	 13166.96 	 0.0108 	 600.01 
7 	 20 	 3 	 2 	 9 	 10892.56 	 10917.13 	 0.0023 	 600.02 
7 	 20 	 5 	 2 	 9 	 12346.01 	 12524.49 	 0.0143 	 600.03 
7 	 20 	 7 	 0 	 2 	 13858.00 	 13858.00 	 0.0000 	 0.86 
7 	 20 	 7 	 1 	 9 	 13530.31 	 13672.54 	 0.0104 	 600.02 
7 	 20 	 7 	 2 	 9 	 13619.00 	 13671.56 	 0.0038 	 600.02 
7 	 20 	 7 	 3 	 9 	 13641.05 	 13671.56 	 0.0022 	 600.01 
8 	 20 	 3 	 2 	 9 	 12363.16 	 12413.77 	 0.0041 	 600.01 
8 	 20 	 5 	 2 	 9 	 13722.97 	 13726.75 	 0.0003 	 600.01 
8 	 20 	 7 	 0 	 2 	 14821.00 	 14821.00 	 0.0000 	 0.41 
8 	 20 	 7 	 1 	 9 	 14577.31 	 14747.26 	 0.0115 	 600.01 
8 	 20 	 7 	 2 	 9 	 14685.47 	 14747.26 	 0.0042 	 600.01 
8 	 20 	 7 	 3 	 9 	 14676.28 	 14747.26 	 0.0048 	 600.01 
9 	 20 	 3 	 2 	 9 	 12729.79 	 12849.28 	 0.0093 	 600.01 
9 	 20 	 5 	 2 	 9 	 14230.24 	 14250.95 	 0.0015 	 600.04 
9 	 20 	 7 	 0 	 2 	 15507.00 	 15507.00 	 0.0000 	 0.42 
9 	 20 	 7 	 1 	 9 	 15211.49 	 15312.73 	 0.0066 	 600.02 
9 	 20 	 7 	 2 	 9 	 15205.00 	 15312.73 	 0.0070 	 600.03 
9 	 20 	 7 	 3 	 9 	 15285.96 	 15312.73 	 0.0017 	 600.05 
10 	 20 	 3 	 2 	 9 	 7041.45 	 7105.25 	 0.0090 	 600.03 
10 	 20 	 5 	 2 	 9 	 8379.51 	 8457.01 	 0.0092 	 600.01 
10 	 20 	 7 	 0 	 2 	 9717.00 	 9717.00 	 0.0000 	 0.50 
10 	 20 	 7 	 1 	 9 	 9497.17 	 9657.70 	 0.0166 	 600.01 
10 	 20 	 7 	 2 	 9 	 9622.57 	 9657.66 	 0.0036 	 600.03 
10 	 20 	 7 	 3 	 2 	 9657.66 	 9657.66 	 0.0000 	 181.37 
11 	 20 	 3 	 2 	 2 	 9695.06 	 9695.69 	 0.0001 	 543.78 
11 	 20 	 5 	 2 	 9 	 10979.53 	 11085.15 	 0.0095 	 600.01 
11 	 20 	 7 	 0 	 2 	 12382.00 	 12382.00 	 0.0000 	 1.04 
11 	 20 	 7 	 1 	 9 	 12065.02 	 12263.32 	 0.0162 	 600.01 
11 	 20 	 7 	 2 	 9 	 12180.43 	 12263.22 	 0.0068 	 600.01 
11 	 20 	 7 	 3 	 9 	 12216.54 	 12263.22 	 0.0038 	 600.05 
12 	 20 	 3 	 2 	 9 	 10942.64 	 10962.33 	 0.0018 	 600.01 
12 	 20 	 5 	 2 	 9 	 12213.83 	 12228.70 	 0.0012 	 600.03 
12 	 20 	 7 	 0 	 2 	 13277.08 	 13278.00 	 0.0001 	 0.17 
12 	 20 	 7 	 1 	 9 	 13078.24 	 13247.41 	 0.0128 	 600.01 
12 	 20 	 7 	 2 	 9 	 13226.13 	 13247.41 	 0.0016 	 600.15 
12 	 20 	 7 	 3 	 9 	 13230.28 	 13247.41 	 0.0013 	 600.01 
13 	 20 	 3 	 2 	 9 	 9121.51 	 9637.55 	 0.0535 	 600.01 
13 	 20 	 5 	 2 	 9 	 10818.95 	 10867.70 	 0.0045 	 600.01 
13 	 20 	 7 	 0 	 2 	 12105.00 	 12105.00 	 0.0000 	 0.64 
13 	 20 	 7 	 1 	 9 	 11829.92 	 12014.09 	 0.0153 	 600.02 
13 	 20 	 7 	 2 	 9 	 11901.05 	 12014.09 	 0.0094 	 600.01 
13 	 20 	 7 	 3 	 2 	 12014.09 	 12014.09 	 0.0000 	 323.40 
14 	 20 	 3 	 2 	 2 	 14273.73 	 14275.06 	 0.0001 	 513.01 
14 	 20 	 5 	 2 	 9 	 15764.01 	 15770.76 	 0.0004 	 600.16 
14 	 20 	 7 	 0 	 2 	 17149.00 	 17149.00 	 0.0000 	 1.52 
14 	 20 	 7 	 1 	 9 	 16877.70 	 16981.47 	 0.0061 	 600.02 
14 	 20 	 7 	 2 	 9 	 16976.96 	 16979.34 	 0.0001 	 600.07 
14 	 20 	 7 	 3 	 9 	 16960.18 	 16979.34 	 0.0011 	 600.02 
15 	 20 	 3 	 2 	 9 	 10853.77 	 10886.03 	 0.0030 	 600.02 
15 	 20 	 5 	 2 	 9 	 12076.46 	 12148.09 	 0.0059 	 600.01 
15 	 20 	 7 	 0 	 2 	 13469.00 	 13469.00 	 0.0000 	 1.26 
15 	 20 	 7 	 1 	 9 	 13248.54 	 13322.44 	 0.0055 	 600.01 
15 	 20 	 7 	 2 	 9 	 13249.43 	 13319.49 	 0.0053 	 600.01 
15 	 20 	 7 	 3 	 9 	 13317.23 	 13319.49 	 0.0002 	 600.01 
16 	 20 	 3 	 2 	 9 	 13017.63 	 13138.44 	 0.0092 	 600.01 
16 	 20 	 5 	 2 	 9 	 14975.06 	 15005.71 	 0.0020 	 600.17 
16 	 20 	 7 	 0 	 2 	 17005.00 	 17005.00 	 0.0000 	 5.88 
16 	 20 	 7 	 1 	 9 	 16545.58 	 16636.64 	 0.0055 	 600.04 
16 	 20 	 7 	 2 	 9 	 16571.51 	 16629.19 	 0.0035 	 600.01 
16 	 20 	 7 	 3 	 2 	 16629.19 	 16629.19 	 0.0000 	 361.55 
17 	 20 	 3 	 2 	 9 	 13241.12 	 13358.46 	 0.0088 	 600.02 
17 	 20 	 5 	 2 	 9 	 14963.01 	 15170.96 	 0.0137 	 600.01 
17 	 20 	 7 	 0 	 2 	 16914.00 	 16914.00 	 0.0000 	 2.12 
17 	 20 	 7 	 1 	 9 	 16508.84 	 16648.01 	 0.0084 	 600.01 
17 	 20 	 7 	 2 	 9 	 16594.49 	 16646.08 	 0.0031 	 600.03 
17 	 20 	 7 	 3 	 2 	 16646.08 	 16646.08 	 0.0000 	 315.47 
18 	 20 	 3 	 2 	 9 	 10036.72 	 10058.06 	 0.0021 	 600.01 
18 	 20 	 5 	 2 	 9 	 11368.99 	 11426.83 	 0.0051 	 600.01 
18 	 20 	 7 	 0 	 2 	 12769.00 	 12769.00 	 0.0000 	 0.85 
18 	 20 	 7 	 1 	 9 	 12627.84 	 12690.86 	 0.0050 	 600.01 
18 	 20 	 7 	 2 	 9 	 12595.05 	 12690.86 	 0.0075 	 600.02 
18 	 20 	 7 	 3 	 2 	 12690.86 	 12690.86 	 0.0000 	 586.18 
19 	 20 	 3 	 2 	 9 	 12940.99 	 13024.18 	 0.0064 	 600.02 
19 	 20 	 5 	 2 	 2 	 14375.66 	 14377.05 	 0.0001 	 598.62 
19 	 20 	 7 	 0 	 2 	 15708.17 	 15709.00 	 0.0001 	 0.37 
19 	 20 	 7 	 1 	 9 	 15550.27 	 15662.88 	 0.0072 	 600.01 
19 	 20 	 7 	 2 	 9 	 15656.48 	 15662.88 	 0.0004 	 600.01 
19 	 20 	 7 	 3 	 9 	 15608.77 	 15662.88 	 0.0035 	 600.01 
20 	 20 	 3 	 2 	 2 	 16192.41 	 16193.85 	 0.0001 	 565.44 
20 	 20 	 5 	 2 	 9 	 17517.71 	 17530.85 	 0.0007 	 600.04 
20 	 20 	 7 	 0 	 2 	 18898.00 	 18898.00 	 0.0000 	 3.59 
20 	 20 	 7 	 1 	 9 	 18600.14 	 18661.63 	 0.0033 	 600.05 
20 	 20 	 7 	 2 	 9 	 18606.26 	 18657.76 	 0.0028 	 600.04 
20 	 20 	 7 	 3 	 9 	 18550.05 	 18657.76 	 0.0058 	 600.06 
