instance 	 n 	 Gamma 	 objval 
1 	 10 	 3 	 4573.00 
1 	 10 	 5 	 5053.00 
1 	 10 	 7 	 5369.00 
2 	 10 	 3 	 3804.00 
2 	 10 	 5 	 4431.00 
2 	 10 	 7 	 4847.00 
3 	 10 	 3 	 4600.00 
3 	 10 	 5 	 5545.00 
3 	 10 	 7 	 6076.00 
4 	 10 	 3 	 4783.00 
4 	 10 	 5 	 5596.00 
4 	 10 	 7 	 5662.00 
5 	 10 	 3 	 4925.00 
5 	 10 	 5 	 5913.00 
5 	 10 	 7 	 6360.00 
6 	 10 	 3 	 5721.00 
6 	 10 	 5 	 6033.00 
6 	 10 	 7 	 6327.00 
7 	 10 	 3 	 4725.00 
7 	 10 	 5 	 5656.00 
7 	 10 	 7 	 5847.00 
8 	 10 	 3 	 4261.00 
8 	 10 	 5 	 5000.00 
8 	 10 	 7 	 5745.00 
9 	 10 	 3 	 4044.00 
9 	 10 	 5 	 4633.00 
9 	 10 	 7 	 4944.00 
10 	 10 	 3 	 2545.00 
10 	 10 	 5 	 3110.00 
10 	 10 	 7 	 3577.00 
11 	 10 	 3 	 4086.00 
11 	 10 	 5 	 4930.00 
11 	 10 	 7 	 5294.00 
12 	 10 	 3 	 3696.00 
12 	 10 	 5 	 4042.00 
12 	 10 	 7 	 4398.00 
13 	 10 	 3 	 4822.00 
13 	 10 	 5 	 6212.00 
13 	 10 	 7 	 6600.00 
14 	 10 	 3 	 3083.00 
14 	 10 	 5 	 3348.00 
14 	 10 	 7 	 3520.00 
15 	 10 	 3 	 5029.00 
15 	 10 	 5 	 5343.00 
15 	 10 	 7 	 5551.00 
16 	 10 	 3 	 3658.00 
16 	 10 	 5 	 4189.00 
16 	 10 	 7 	 4519.00 
17 	 10 	 3 	 4101.00 
17 	 10 	 5 	 4527.00 
17 	 10 	 7 	 4817.00 
18 	 10 	 3 	 4790.00 
18 	 10 	 5 	 5591.00 
18 	 10 	 7 	 5936.00 
19 	 10 	 3 	 2720.00 
19 	 10 	 5 	 3351.00 
19 	 10 	 7 	 3684.00 
20 	 10 	 3 	 2606.00 
20 	 10 	 5 	 3351.00 
20 	 10 	 7 	 3557.00 
1 	 15 	 3 	 8390.00 
1 	 15 	 5 	 10706.00 
1 	 15 	 7 	 10758.00 
2 	 15 	 3 	 7289.00 
2 	 15 	 5 	 9156.00 
2 	 15 	 7 	 9678.00 
3 	 15 	 3 	 8242.00 
3 	 15 	 5 	 10101.00 
3 	 15 	 7 	 11427.00 
4 	 15 	 3 	 11007.00 
4 	 15 	 5 	 11758.00 
4 	 15 	 7 	 12718.00 
5 	 15 	 3 	 8088.00 
5 	 15 	 5 	 9814.00 
5 	 15 	 7 	 10370.00 
6 	 15 	 3 	 8018.00 
6 	 15 	 5 	 9403.00 
6 	 15 	 7 	 9797.00 
7 	 15 	 3 	 5947.00 
7 	 15 	 5 	 6658.00 
7 	 15 	 7 	 8025.00 
8 	 15 	 3 	 6290.00 
8 	 15 	 5 	 7111.00 
8 	 15 	 7 	 7973.00 
9 	 15 	 3 	 7194.00 
9 	 15 	 5 	 8661.00 
9 	 15 	 7 	 9458.00 
10 	 15 	 3 	 8617.00 
10 	 15 	 5 	 9143.00 
10 	 15 	 7 	 9613.00 
11 	 15 	 3 	 7980.00 
11 	 15 	 5 	 9023.00 
11 	 15 	 7 	 10017.00 
12 	 15 	 3 	 7664.00 
12 	 15 	 5 	 8246.00 
12 	 15 	 7 	 8842.00 
13 	 15 	 3 	 4876.00 
13 	 15 	 5 	 6110.00 
13 	 15 	 7 	 6653.00 
14 	 15 	 3 	 6335.00 
14 	 15 	 5 	 7392.00 
14 	 15 	 7 	 8297.00 
15 	 15 	 3 	 6266.00 
15 	 15 	 5 	 7204.00 
15 	 15 	 7 	 8285.00 
16 	 15 	 3 	 6547.00 
16 	 15 	 5 	 7374.00 
16 	 15 	 7 	 7934.00 
17 	 15 	 3 	 6264.00 
17 	 15 	 5 	 7185.00 
17 	 15 	 7 	 7984.00 
18 	 15 	 3 	 8260.00 
18 	 15 	 5 	 9498.00 
18 	 15 	 7 	 9961.00 
19 	 15 	 3 	 8495.00 
19 	 15 	 5 	 9482.00 
19 	 15 	 7 	 10304.00 
20 	 15 	 3 	 6675.00 
20 	 15 	 5 	 8521.00 
20 	 15 	 7 	 9261.00 
1 	 20 	 3 	 11839.00 
1 	 20 	 5 	 13934.00 
1 	 20 	 7 	 15638.00 
2 	 20 	 3 	 13392.00 
2 	 20 	 5 	 15332.00 
2 	 20 	 7 	 17588.00 
3 	 20 	 3 	 16330.00 
3 	 20 	 5 	 18230.00 
3 	 20 	 7 	 20377.00 
4 	 20 	 3 	 12910.00 
4 	 20 	 5 	 14882.00 
4 	 20 	 7 	 16835.00 
5 	 20 	 3 	 8880.00 
5 	 20 	 5 	 10831.00 
5 	 20 	 7 	 11924.00 
6 	 20 	 3 	 11050.00 
6 	 20 	 5 	 12787.00 
6 	 20 	 7 	 13735.00 
7 	 20 	 3 	 11375.00 
7 	 20 	 5 	 13066.00 
7 	 20 	 7 	 14353.00 
8 	 20 	 3 	 12591.00 
8 	 20 	 5 	 13873.00 
8 	 20 	 7 	 15238.00 
9 	 20 	 3 	 13229.00 
9 	 20 	 5 	 15076.00 
9 	 20 	 7 	 15959.00 
10 	 20 	 3 	 7402.00 
10 	 20 	 5 	 8648.00 
10 	 20 	 7 	 10045.00 
11 	 20 	 3 	 9986.00 
11 	 20 	 5 	 11272.00 
11 	 20 	 7 	 12596.00 
12 	 20 	 3 	 11051.00 
12 	 20 	 5 	 12327.00 
12 	 20 	 7 	 13422.00 
13 	 20 	 3 	 10027.00 
13 	 20 	 5 	 11412.00 
13 	 20 	 7 	 12260.00 
14 	 20 	 3 	 15467.00 
14 	 20 	 5 	 16453.00 
14 	 20 	 7 	 17816.00 
15 	 20 	 3 	 11224.00 
15 	 20 	 5 	 12721.00 
15 	 20 	 7 	 14118.00 
16 	 20 	 3 	 13810.00 
16 	 20 	 5 	 16223.00 
16 	 20 	 7 	 17906.00 
17 	 20 	 3 	 13583.00 
17 	 20 	 5 	 15940.00 
17 	 20 	 7 	 18098.00 
18 	 20 	 3 	 10433.00 
18 	 20 	 5 	 11730.00 
18 	 20 	 7 	 13195.00 
19 	 20 	 3 	 13353.00 
19 	 20 	 5 	 14805.00 
19 	 20 	 7 	 16174.00 
20 	 20 	 3 	 16638.00 
20 	 20 	 5 	 18414.00 
20 	 20 	 7 	 19953.00 
