instance 	 n 	 Gamma 	 Delta 	 status 	 objbound 	 objval 	 mipgap 	 runtime 
1 	 10 	 3 	 2 	 2 	 4452.87 	 4452.87 	 0.0000 	 1.44 
1 	 10 	 5 	 2 	 2 	 4985.21 	 4985.21 	 0.0000 	 1.69 
1 	 10 	 7 	 0 	 2 	 5369.00 	 5369.00 	 0.0000 	 0.01 
1 	 10 	 7 	 1 	 2 	 5369.00 	 5369.00 	 0.0000 	 2.34 
1 	 10 	 7 	 2 	 2 	 5369.00 	 5369.00 	 0.0000 	 1.53 
1 	 10 	 7 	 3 	 2 	 5369.00 	 5369.00 	 0.0000 	 1.65 
2 	 10 	 3 	 2 	 2 	 3526.25 	 3526.25 	 0.0000 	 12.39 
2 	 10 	 5 	 2 	 2 	 4374.52 	 4374.52 	 0.0000 	 6.67 
2 	 10 	 7 	 0 	 2 	 4847.00 	 4847.00 	 0.0000 	 0.01 
2 	 10 	 7 	 1 	 2 	 4847.00 	 4847.00 	 0.0000 	 1.50 
2 	 10 	 7 	 2 	 2 	 4847.00 	 4847.00 	 0.0000 	 1.43 
2 	 10 	 7 	 3 	 2 	 4847.00 	 4847.00 	 0.0000 	 1.58 
3 	 10 	 3 	 2 	 2 	 4499.25 	 4499.25 	 0.0000 	 10.35 
3 	 10 	 5 	 2 	 2 	 5285.12 	 5285.12 	 0.0000 	 4.70 
3 	 10 	 7 	 0 	 2 	 5954.00 	 5954.00 	 0.0000 	 0.02 
3 	 10 	 7 	 1 	 2 	 5877.30 	 5877.30 	 0.0000 	 2.04 
3 	 10 	 7 	 2 	 2 	 5877.30 	 5877.30 	 0.0000 	 1.81 
3 	 10 	 7 	 3 	 2 	 5877.30 	 5877.82 	 0.0001 	 1.65 
4 	 10 	 3 	 2 	 2 	 4323.06 	 4323.29 	 0.0001 	 13.54 
4 	 10 	 5 	 2 	 2 	 5006.01 	 5006.01 	 0.0000 	 6.50 
4 	 10 	 7 	 0 	 2 	 5640.00 	 5640.00 	 0.0000 	 0.02 
4 	 10 	 7 	 1 	 2 	 5582.51 	 5582.51 	 0.0000 	 2.72 
4 	 10 	 7 	 2 	 2 	 5582.51 	 5582.51 	 0.0000 	 2.06 
4 	 10 	 7 	 3 	 2 	 5582.51 	 5582.51 	 0.0000 	 9.25 
5 	 10 	 3 	 2 	 2 	 4721.38 	 4721.38 	 0.0000 	 22.95 
5 	 10 	 5 	 2 	 2 	 5578.36 	 5578.36 	 0.0000 	 10.89 
5 	 10 	 7 	 0 	 2 	 6342.00 	 6342.00 	 0.0000 	 0.02 
5 	 10 	 7 	 1 	 2 	 6298.42 	 6298.42 	 0.0000 	 1.88 
5 	 10 	 7 	 2 	 2 	 6298.42 	 6298.42 	 0.0000 	 8.92 
5 	 10 	 7 	 3 	 2 	 6298.42 	 6298.42 	 0.0000 	 7.40 
6 	 10 	 3 	 2 	 2 	 5555.67 	 5555.67 	 0.0000 	 1.78 
6 	 10 	 5 	 2 	 2 	 6007.53 	 6007.53 	 0.0000 	 1.86 
6 	 10 	 7 	 0 	 2 	 6327.00 	 6327.00 	 0.0000 	 0.01 
6 	 10 	 7 	 1 	 2 	 6323.67 	 6323.67 	 0.0000 	 1.61 
6 	 10 	 7 	 2 	 2 	 6323.67 	 6323.67 	 0.0000 	 3.36 
6 	 10 	 7 	 3 	 2 	 6323.67 	 6323.67 	 0.0000 	 1.80 
7 	 10 	 3 	 2 	 2 	 4691.45 	 4691.45 	 0.0000 	 4.11 
7 	 10 	 5 	 2 	 2 	 5328.36 	 5328.36 	 0.0000 	 1.65 
7 	 10 	 7 	 0 	 2 	 5832.00 	 5832.00 	 0.0000 	 0.01 
7 	 10 	 7 	 1 	 2 	 5806.77 	 5806.94 	 0.0000 	 1.70 
7 	 10 	 7 	 2 	 2 	 5806.94 	 5806.94 	 0.0000 	 1.62 
7 	 10 	 7 	 3 	 2 	 5806.94 	 5806.94 	 0.0000 	 1.58 
8 	 10 	 3 	 2 	 2 	 3933.30 	 3933.30 	 0.0000 	 4.59 
8 	 10 	 5 	 2 	 2 	 4782.06 	 4782.06 	 0.0000 	 3.14 
8 	 10 	 7 	 0 	 2 	 5353.00 	 5353.00 	 0.0000 	 0.02 
8 	 10 	 7 	 1 	 2 	 5320.01 	 5320.01 	 0.0000 	 2.12 
8 	 10 	 7 	 2 	 2 	 5319.83 	 5320.01 	 0.0000 	 6.37 
8 	 10 	 7 	 3 	 2 	 5319.52 	 5320.01 	 0.0001 	 2.77 
9 	 10 	 3 	 2 	 2 	 3931.72 	 3931.72 	 0.0000 	 8.94 
9 	 10 	 5 	 2 	 2 	 4431.24 	 4431.24 	 0.0000 	 1.52 
9 	 10 	 7 	 0 	 2 	 4939.00 	 4939.00 	 0.0000 	 0.02 
9 	 10 	 7 	 1 	 2 	 4894.78 	 4894.78 	 0.0000 	 1.65 
9 	 10 	 7 	 2 	 2 	 4894.78 	 4894.78 	 0.0000 	 1.39 
9 	 10 	 7 	 3 	 2 	 4894.78 	 4894.81 	 0.0000 	 1.61 
10 	 10 	 3 	 2 	 2 	 2432.43 	 2432.43 	 0.0000 	 20.02 
10 	 10 	 5 	 2 	 2 	 3101.55 	 3101.55 	 0.0000 	 9.52 
10 	 10 	 7 	 0 	 2 	 3577.00 	 3577.00 	 0.0000 	 0.01 
10 	 10 	 7 	 1 	 2 	 3577.00 	 3577.00 	 0.0000 	 2.28 
10 	 10 	 7 	 2 	 2 	 3577.00 	 3577.00 	 0.0000 	 1.49 
10 	 10 	 7 	 3 	 2 	 3577.00 	 3577.00 	 0.0000 	 6.74 
11 	 10 	 3 	 2 	 2 	 3864.65 	 3864.65 	 0.0000 	 15.97 
11 	 10 	 5 	 2 	 2 	 4623.90 	 4623.90 	 0.0000 	 19.78 
11 	 10 	 7 	 0 	 2 	 5249.00 	 5249.00 	 0.0000 	 0.02 
11 	 10 	 7 	 1 	 2 	 5219.78 	 5219.78 	 0.0000 	 3.40 
11 	 10 	 7 	 2 	 2 	 5219.78 	 5219.78 	 0.0000 	 9.27 
11 	 10 	 7 	 3 	 2 	 5219.78 	 5219.78 	 0.0000 	 8.83 
12 	 10 	 3 	 2 	 2 	 3406.58 	 3406.58 	 0.0000 	 3.30 
12 	 10 	 5 	 2 	 2 	 3970.01 	 3970.01 	 0.0000 	 1.52 
12 	 10 	 7 	 0 	 2 	 4398.00 	 4398.00 	 0.0000 	 0.01 
12 	 10 	 7 	 1 	 2 	 4398.00 	 4398.00 	 0.0000 	 1.51 
12 	 10 	 7 	 2 	 2 	 4398.00 	 4398.00 	 0.0000 	 1.95 
12 	 10 	 7 	 3 	 2 	 4398.00 	 4398.00 	 0.0000 	 1.69 
13 	 10 	 3 	 2 	 2 	 4561.17 	 4561.17 	 0.0000 	 9.13 
13 	 10 	 5 	 2 	 2 	 5488.18 	 5488.18 	 0.0000 	 11.52 
13 	 10 	 7 	 0 	 2 	 6333.00 	 6333.00 	 0.0000 	 0.03 
13 	 10 	 7 	 1 	 2 	 6205.51 	 6205.51 	 0.0000 	 3.10 
13 	 10 	 7 	 2 	 2 	 6205.51 	 6205.51 	 0.0000 	 7.07 
13 	 10 	 7 	 3 	 2 	 6205.51 	 6205.51 	 0.0000 	 8.04 
14 	 10 	 3 	 2 	 2 	 3083.00 	 3083.00 	 0.0000 	 1.06 
14 	 10 	 5 	 2 	 2 	 3324.39 	 3324.39 	 0.0000 	 1.09 
14 	 10 	 7 	 0 	 2 	 3520.00 	 3520.00 	 0.0000 	 0.00 
14 	 10 	 7 	 1 	 2 	 3520.00 	 3520.00 	 0.0000 	 1.32 
14 	 10 	 7 	 2 	 2 	 3520.00 	 3520.00 	 0.0000 	 1.99 
14 	 10 	 7 	 3 	 2 	 3520.00 	 3520.00 	 0.0000 	 1.13 
15 	 10 	 3 	 2 	 2 	 4734.71 	 4734.71 	 0.0000 	 7.12 
15 	 10 	 5 	 2 	 2 	 5204.87 	 5204.87 	 0.0000 	 1.89 
15 	 10 	 7 	 0 	 2 	 5551.00 	 5551.00 	 0.0000 	 0.01 
15 	 10 	 7 	 1 	 2 	 5551.00 	 5551.00 	 0.0000 	 1.41 
15 	 10 	 7 	 2 	 2 	 5551.00 	 5551.00 	 0.0000 	 1.20 
15 	 10 	 7 	 3 	 2 	 5551.00 	 5551.00 	 0.0000 	 6.14 
16 	 10 	 3 	 2 	 2 	 3458.07 	 3458.07 	 0.0000 	 2.21 
16 	 10 	 5 	 2 	 2 	 4022.25 	 4022.25 	 0.0000 	 1.39 
16 	 10 	 7 	 0 	 2 	 4466.00 	 4466.00 	 0.0000 	 0.01 
16 	 10 	 7 	 1 	 2 	 4459.84 	 4459.99 	 0.0000 	 1.47 
16 	 10 	 7 	 2 	 2 	 4459.99 	 4460.14 	 0.0000 	 1.25 
16 	 10 	 7 	 3 	 2 	 4459.99 	 4460.40 	 0.0001 	 1.67 
17 	 10 	 3 	 2 	 2 	 4026.58 	 4026.58 	 0.0000 	 1.24 
17 	 10 	 5 	 2 	 2 	 4456.27 	 4456.27 	 0.0000 	 1.43 
17 	 10 	 7 	 0 	 2 	 4817.00 	 4817.00 	 0.0000 	 0.01 
17 	 10 	 7 	 1 	 2 	 4817.00 	 4817.00 	 0.0000 	 1.36 
17 	 10 	 7 	 2 	 2 	 4817.00 	 4817.00 	 0.0000 	 1.42 
17 	 10 	 7 	 3 	 2 	 4817.00 	 4817.00 	 0.0000 	 1.70 
18 	 10 	 3 	 2 	 2 	 4468.17 	 4468.17 	 0.0000 	 9.56 
18 	 10 	 5 	 2 	 2 	 5153.93 	 5153.93 	 0.0000 	 4.60 
18 	 10 	 7 	 0 	 2 	 5839.00 	 5839.00 	 0.0000 	 0.02 
18 	 10 	 7 	 1 	 2 	 5779.36 	 5779.36 	 0.0000 	 2.17 
18 	 10 	 7 	 2 	 2 	 5779.36 	 5779.36 	 0.0000 	 1.93 
18 	 10 	 7 	 3 	 2 	 5779.36 	 5779.36 	 0.0000 	 9.69 
19 	 10 	 3 	 2 	 2 	 2670.31 	 2670.31 	 0.0000 	 12.19 
19 	 10 	 5 	 2 	 2 	 3260.78 	 3260.78 	 0.0000 	 7.87 
19 	 10 	 7 	 0 	 2 	 3684.00 	 3684.00 	 0.0000 	 0.02 
19 	 10 	 7 	 1 	 2 	 3656.55 	 3656.61 	 0.0000 	 2.50 
19 	 10 	 7 	 2 	 2 	 3656.61 	 3656.61 	 0.0000 	 2.43 
19 	 10 	 7 	 3 	 2 	 3656.61 	 3656.61 	 0.0000 	 1.36 
20 	 10 	 3 	 2 	 2 	 2589.80 	 2589.80 	 0.0000 	 1.88 
20 	 10 	 5 	 2 	 2 	 3174.68 	 3174.68 	 0.0000 	 2.82 
20 	 10 	 7 	 0 	 2 	 3557.00 	 3557.00 	 0.0000 	 0.01 
20 	 10 	 7 	 1 	 2 	 3556.14 	 3556.14 	 0.0000 	 1.64 
20 	 10 	 7 	 2 	 2 	 3556.14 	 3556.14 	 0.0000 	 1.40 
20 	 10 	 7 	 3 	 2 	 3556.14 	 3556.14 	 0.0000 	 5.17 
1 	 15 	 3 	 2 	 2 	 8178.40 	 8178.40 	 0.0000 	 46.03 
1 	 15 	 5 	 2 	 2 	 9421.27 	 9421.27 	 0.0000 	 57.45 
1 	 15 	 7 	 0 	 2 	 10419.00 	 10419.00 	 0.0000 	 0.12 
1 	 15 	 7 	 1 	 2 	 10343.34 	 10343.34 	 0.0000 	 80.03 
1 	 15 	 7 	 2 	 2 	 10343.34 	 10343.34 	 0.0000 	 67.66 
1 	 15 	 7 	 3 	 2 	 10343.34 	 10343.34 	 0.0000 	 59.74 
2 	 15 	 3 	 2 	 2 	 7050.55 	 7050.55 	 0.0000 	 49.62 
2 	 15 	 5 	 2 	 2 	 8355.46 	 8355.46 	 0.0000 	 123.52 
2 	 15 	 7 	 0 	 2 	 9536.00 	 9536.00 	 0.0000 	 0.21 
2 	 15 	 7 	 1 	 2 	 9410.01 	 9410.01 	 0.0000 	 24.04 
2 	 15 	 7 	 2 	 2 	 9409.25 	 9410.01 	 0.0001 	 68.12 
2 	 15 	 7 	 3 	 2 	 9410.01 	 9410.06 	 0.0000 	 60.09 
3 	 15 	 3 	 2 	 2 	 7832.74 	 7832.74 	 0.0000 	 52.74 
3 	 15 	 5 	 2 	 2 	 9035.67 	 9035.67 	 0.0000 	 55.64 
3 	 15 	 7 	 0 	 2 	 10226.00 	 10226.00 	 0.0000 	 0.21 
3 	 15 	 7 	 1 	 2 	 10058.44 	 10058.44 	 0.0000 	 78.29 
3 	 15 	 7 	 2 	 2 	 10058.44 	 10058.44 	 0.0000 	 63.66 
3 	 15 	 7 	 3 	 2 	 10058.44 	 10058.44 	 0.0000 	 81.66 
4 	 15 	 3 	 2 	 2 	 10570.71 	 10570.93 	 0.0000 	 63.57 
4 	 15 	 5 	 2 	 2 	 11577.31 	 11577.31 	 0.0000 	 89.38 
4 	 15 	 7 	 0 	 2 	 12468.87 	 12469.00 	 0.0000 	 0.05 
4 	 15 	 7 	 1 	 2 	 12380.25 	 12380.25 	 0.0000 	 89.58 
4 	 15 	 7 	 2 	 2 	 12380.25 	 12380.25 	 0.0000 	 62.46 
4 	 15 	 7 	 3 	 2 	 12380.25 	 12380.25 	 0.0000 	 70.33 
5 	 15 	 3 	 2 	 2 	 7984.44 	 7984.44 	 0.0000 	 44.58 
5 	 15 	 5 	 2 	 2 	 9252.22 	 9252.22 	 0.0000 	 56.82 
5 	 15 	 7 	 0 	 2 	 10298.00 	 10298.00 	 0.0000 	 0.12 
5 	 15 	 7 	 1 	 2 	 10267.46 	 10268.33 	 0.0001 	 97.37 
5 	 15 	 7 	 2 	 2 	 10267.91 	 10268.63 	 0.0001 	 65.30 
5 	 15 	 7 	 3 	 2 	 10267.47 	 10268.33 	 0.0001 	 21.16 
6 	 15 	 3 	 2 	 2 	 7732.39 	 7733.15 	 0.0001 	 168.16 
6 	 15 	 5 	 2 	 2 	 8652.98 	 8652.98 	 0.0000 	 69.09 
6 	 15 	 7 	 0 	 2 	 9464.00 	 9464.00 	 0.0000 	 0.16 
6 	 15 	 7 	 1 	 2 	 9338.79 	 9338.79 	 0.0000 	 82.51 
6 	 15 	 7 	 2 	 2 	 9338.79 	 9338.79 	 0.0000 	 168.86 
6 	 15 	 7 	 3 	 2 	 9338.71 	 9338.79 	 0.0000 	 75.69 
7 	 15 	 3 	 2 	 2 	 5192.98 	 5192.98 	 0.0000 	 52.78 
7 	 15 	 5 	 2 	 2 	 6400.47 	 6400.91 	 0.0001 	 51.60 
7 	 15 	 7 	 0 	 2 	 7679.00 	 7679.00 	 0.0000 	 0.18 
7 	 15 	 7 	 1 	 2 	 7566.14 	 7566.14 	 0.0000 	 66.71 
7 	 15 	 7 	 2 	 2 	 7566.14 	 7566.14 	 0.0000 	 51.13 
7 	 15 	 7 	 3 	 2 	 7566.11 	 7566.11 	 0.0000 	 113.96 
8 	 15 	 3 	 2 	 2 	 6150.80 	 6150.80 	 0.0000 	 42.17 
8 	 15 	 5 	 2 	 2 	 7026.81 	 7026.81 	 0.0000 	 49.66 
8 	 15 	 7 	 0 	 2 	 7798.00 	 7798.00 	 0.0000 	 0.07 
8 	 15 	 7 	 1 	 2 	 7717.32 	 7717.32 	 0.0000 	 73.31 
8 	 15 	 7 	 2 	 2 	 7717.32 	 7717.32 	 0.0000 	 12.91 
8 	 15 	 7 	 3 	 2 	 7717.32 	 7717.32 	 0.0000 	 56.62 
9 	 15 	 3 	 2 	 2 	 6834.92 	 6834.92 	 0.0000 	 43.49 
9 	 15 	 5 	 2 	 2 	 8047.54 	 8047.54 	 0.0000 	 57.86 
9 	 15 	 7 	 0 	 2 	 9218.00 	 9218.00 	 0.0000 	 0.36 
9 	 15 	 7 	 1 	 2 	 9001.24 	 9001.24 	 0.0000 	 474.09 
9 	 15 	 7 	 2 	 2 	 8999.71 	 8999.71 	 0.0000 	 65.99 
9 	 15 	 7 	 3 	 2 	 8999.71 	 8999.71 	 0.0000 	 15.15 
10 	 15 	 3 	 2 	 2 	 8453.22 	 8453.76 	 0.0001 	 51.83 
10 	 15 	 5 	 2 	 2 	 9049.84 	 9049.84 	 0.0000 	 57.44 
10 	 15 	 7 	 0 	 2 	 9560.53 	 9561.00 	 0.0000 	 0.04 
10 	 15 	 7 	 1 	 2 	 9522.27 	 9522.27 	 0.0000 	 31.05 
10 	 15 	 7 	 2 	 2 	 9522.27 	 9522.27 	 0.0000 	 61.19 
10 	 15 	 7 	 3 	 2 	 9522.27 	 9522.27 	 0.0000 	 55.53 
11 	 15 	 3 	 2 	 2 	 7641.90 	 7641.90 	 0.0000 	 58.95 
11 	 15 	 5 	 2 	 2 	 8684.85 	 8684.86 	 0.0000 	 54.66 
11 	 15 	 7 	 0 	 2 	 9703.00 	 9703.00 	 0.0000 	 0.21 
11 	 15 	 7 	 1 	 2 	 9573.76 	 9574.31 	 0.0001 	 65.70 
11 	 15 	 7 	 2 	 2 	 9574.26 	 9574.26 	 0.0000 	 75.67 
11 	 15 	 7 	 3 	 2 	 9574.26 	 9574.26 	 0.0000 	 66.99 
12 	 15 	 3 	 2 	 2 	 7195.88 	 7195.88 	 0.0000 	 45.64 
12 	 15 	 5 	 2 	 2 	 7956.34 	 7956.34 	 0.0000 	 58.74 
12 	 15 	 7 	 0 	 2 	 8706.50 	 8707.00 	 0.0001 	 0.04 
12 	 15 	 7 	 1 	 2 	 8627.18 	 8627.18 	 0.0000 	 31.37 
12 	 15 	 7 	 2 	 2 	 8627.18 	 8627.18 	 0.0000 	 61.00 
12 	 15 	 7 	 3 	 2 	 8627.18 	 8627.18 	 0.0000 	 14.27 
13 	 15 	 3 	 2 	 2 	 4826.03 	 4826.03 	 0.0000 	 45.56 
13 	 15 	 5 	 2 	 2 	 5852.65 	 5852.65 	 0.0000 	 46.14 
13 	 15 	 7 	 0 	 2 	 6617.00 	 6617.00 	 0.0000 	 0.03 
13 	 15 	 7 	 1 	 2 	 6604.12 	 6604.12 	 0.0000 	 56.20 
13 	 15 	 7 	 2 	 2 	 6604.12 	 6604.12 	 0.0000 	 42.54 
13 	 15 	 7 	 3 	 2 	 6604.12 	 6604.12 	 0.0000 	 11.49 
14 	 15 	 3 	 2 	 2 	 6068.34 	 6068.34 	 0.0000 	 44.80 
14 	 15 	 5 	 2 	 2 	 7265.94 	 7265.94 	 0.0000 	 51.31 
14 	 15 	 7 	 0 	 2 	 8232.00 	 8232.00 	 0.0000 	 0.18 
14 	 15 	 7 	 1 	 2 	 8152.38 	 8152.38 	 0.0000 	 72.50 
14 	 15 	 7 	 2 	 2 	 8152.38 	 8152.38 	 0.0000 	 57.44 
14 	 15 	 7 	 3 	 2 	 8152.38 	 8152.38 	 0.0000 	 14.12 
15 	 15 	 3 	 2 	 2 	 6206.14 	 6206.14 	 0.0000 	 35.85 
15 	 15 	 5 	 2 	 2 	 7119.25 	 7119.25 	 0.0000 	 43.36 
15 	 15 	 7 	 0 	 2 	 7938.00 	 7938.00 	 0.0000 	 0.06 
15 	 15 	 7 	 1 	 2 	 7917.96 	 7917.96 	 0.0000 	 24.04 
15 	 15 	 7 	 2 	 2 	 7917.96 	 7917.96 	 0.0000 	 63.21 
15 	 15 	 7 	 3 	 2 	 7917.96 	 7917.96 	 0.0000 	 12.83 
16 	 15 	 3 	 2 	 2 	 6483.31 	 6483.31 	 0.0000 	 50.59 
16 	 15 	 5 	 2 	 2 	 7206.66 	 7206.66 	 0.0000 	 48.48 
16 	 15 	 7 	 0 	 2 	 7827.00 	 7827.00 	 0.0000 	 0.03 
16 	 15 	 7 	 1 	 2 	 7817.69 	 7817.69 	 0.0000 	 61.80 
16 	 15 	 7 	 2 	 2 	 7817.69 	 7817.69 	 0.0000 	 54.08 
16 	 15 	 7 	 3 	 2 	 7817.69 	 7817.69 	 0.0000 	 62.43 
17 	 15 	 3 	 2 	 2 	 6054.75 	 6054.75 	 0.0000 	 70.59 
17 	 15 	 5 	 2 	 2 	 6999.93 	 7000.16 	 0.0000 	 50.68 
17 	 15 	 7 	 0 	 2 	 7836.00 	 7836.00 	 0.0000 	 0.04 
17 	 15 	 7 	 1 	 2 	 7766.67 	 7766.67 	 0.0000 	 29.85 
17 	 15 	 7 	 2 	 2 	 7766.67 	 7766.67 	 0.0000 	 59.95 
17 	 15 	 7 	 3 	 2 	 7766.67 	 7766.67 	 0.0000 	 54.68 
18 	 15 	 3 	 2 	 2 	 8180.43 	 8180.43 	 0.0000 	 51.15 
18 	 15 	 5 	 2 	 2 	 9082.97 	 9082.97 	 0.0000 	 47.73 
18 	 15 	 7 	 0 	 2 	 9862.43 	 9863.00 	 0.0001 	 0.05 
18 	 15 	 7 	 1 	 2 	 9776.76 	 9776.76 	 0.0000 	 76.56 
18 	 15 	 7 	 2 	 2 	 9776.09 	 9776.76 	 0.0001 	 50.88 
18 	 15 	 7 	 3 	 2 	 9776.56 	 9776.76 	 0.0000 	 36.50 
19 	 15 	 3 	 2 	 2 	 8230.04 	 8230.04 	 0.0000 	 40.26 
19 	 15 	 5 	 2 	 2 	 9169.41 	 9169.41 	 0.0000 	 46.51 
19 	 15 	 7 	 0 	 2 	 10088.00 	 10088.00 	 0.0000 	 0.26 
19 	 15 	 7 	 1 	 2 	 9939.63 	 9939.63 	 0.0000 	 49.72 
19 	 15 	 7 	 2 	 2 	 9939.64 	 9939.64 	 0.0000 	 61.98 
19 	 15 	 7 	 3 	 2 	 9939.64 	 9939.64 	 0.0000 	 13.63 
20 	 15 	 3 	 2 	 2 	 6428.43 	 6428.43 	 0.0000 	 49.30 
20 	 15 	 5 	 2 	 2 	 7392.52 	 7392.52 	 0.0000 	 69.42 
20 	 15 	 7 	 0 	 2 	 8397.00 	 8397.00 	 0.0000 	 0.13 
20 	 15 	 7 	 1 	 2 	 8261.26 	 8261.94 	 0.0001 	 171.96 
20 	 15 	 7 	 2 	 2 	 8260.13 	 8260.13 	 0.0000 	 71.70 
20 	 15 	 7 	 3 	 2 	 8260.01 	 8260.13 	 0.0000 	 109.03 
1 	 20 	 3 	 2 	 2 	 11434.16 	 11434.17 	 0.0000 	 276.64 
1 	 20 	 5 	 2 	 2 	 13125.07 	 13125.07 	 0.0000 	 320.54 
1 	 20 	 7 	 0 	 2 	 14742.00 	 14742.00 	 0.0000 	 0.57 
1 	 20 	 7 	 1 	 9 	 14587.77 	 14656.01 	 0.0047 	 600.01 
1 	 20 	 7 	 2 	 2 	 14656.01 	 14656.01 	 0.0000 	 360.20 
1 	 20 	 7 	 3 	 2 	 14656.01 	 14656.01 	 0.0000 	 329.36 
2 	 20 	 3 	 2 	 2 	 12966.46 	 12966.46 	 0.0000 	 273.69 
2 	 20 	 5 	 2 	 2 	 14543.99 	 14543.99 	 0.0000 	 312.94 
2 	 20 	 7 	 0 	 2 	 16244.00 	 16244.00 	 0.0000 	 1.48 
2 	 20 	 7 	 1 	 9 	 16046.42 	 16049.10 	 0.0002 	 600.05 
2 	 20 	 7 	 2 	 2 	 16046.28 	 16046.42 	 0.0000 	 322.73 
2 	 20 	 7 	 3 	 2 	 16046.42 	 16046.42 	 0.0000 	 336.04 
3 	 20 	 3 	 2 	 2 	 15754.14 	 15754.14 	 0.0000 	 203.86 
3 	 20 	 5 	 2 	 9 	 17520.70 	 17522.61 	 0.0001 	 600.01 
3 	 20 	 7 	 0 	 2 	 19164.00 	 19164.00 	 0.0000 	 6.83 
3 	 20 	 7 	 1 	 9 	 18843.39 	 18902.15 	 0.0031 	 600.00 
3 	 20 	 7 	 2 	 2 	 18902.15 	 18902.15 	 0.0000 	 420.05 
3 	 20 	 7 	 3 	 2 	 18902.15 	 18902.15 	 0.0000 	 466.90 
4 	 20 	 3 	 2 	 2 	 12563.08 	 12563.08 	 0.0000 	 199.00 
4 	 20 	 5 	 2 	 2 	 14498.55 	 14498.55 	 0.0000 	 218.71 
4 	 20 	 7 	 0 	 2 	 16011.00 	 16011.00 	 0.0000 	 1.05 
4 	 20 	 7 	 1 	 2 	 15930.68 	 15932.22 	 0.0001 	 499.15 
4 	 20 	 7 	 2 	 2 	 15930.75 	 15932.22 	 0.0001 	 267.83 
4 	 20 	 7 	 3 	 2 	 15932.22 	 15932.22 	 0.0000 	 335.37 
5 	 20 	 3 	 2 	 2 	 8661.88 	 8661.88 	 0.0000 	 193.52 
5 	 20 	 5 	 2 	 2 	 10213.64 	 10213.64 	 0.0000 	 209.70 
5 	 20 	 7 	 0 	 2 	 11559.00 	 11559.00 	 0.0000 	 0.48 
5 	 20 	 7 	 1 	 2 	 11448.11 	 11448.71 	 0.0001 	 563.99 
5 	 20 	 7 	 2 	 2 	 11446.31 	 11447.31 	 0.0001 	 267.94 
5 	 20 	 7 	 3 	 2 	 11446.95 	 11447.31 	 0.0000 	 263.80 
6 	 20 	 3 	 2 	 2 	 10390.98 	 10391.92 	 0.0001 	 221.36 
6 	 20 	 5 	 2 	 2 	 11882.06 	 11882.06 	 0.0000 	 285.56 
6 	 20 	 7 	 0 	 2 	 13412.00 	 13412.00 	 0.0000 	 0.67 
6 	 20 	 7 	 1 	 9 	 13161.75 	 13166.96 	 0.0004 	 600.00 
6 	 20 	 7 	 2 	 2 	 13166.96 	 13166.96 	 0.0000 	 305.32 
6 	 20 	 7 	 3 	 2 	 13166.96 	 13166.96 	 0.0000 	 301.02 
7 	 20 	 3 	 2 	 2 	 10917.13 	 10917.13 	 0.0000 	 233.32 
7 	 20 	 5 	 2 	 2 	 12524.49 	 12524.49 	 0.0000 	 259.45 
7 	 20 	 7 	 0 	 2 	 13858.00 	 13858.00 	 0.0000 	 0.41 
7 	 20 	 7 	 1 	 2 	 13671.56 	 13672.58 	 0.0001 	 597.95 
7 	 20 	 7 	 2 	 2 	 13671.56 	 13671.56 	 0.0000 	 300.73 
7 	 20 	 7 	 3 	 2 	 13671.56 	 13671.56 	 0.0000 	 289.83 
8 	 20 	 3 	 2 	 2 	 12413.38 	 12413.77 	 0.0000 	 203.39 
8 	 20 	 5 	 2 	 2 	 13725.42 	 13726.75 	 0.0001 	 237.53 
8 	 20 	 7 	 0 	 2 	 14819.78 	 14821.00 	 0.0001 	 0.27 
8 	 20 	 7 	 1 	 2 	 14747.03 	 14747.26 	 0.0000 	 491.81 
8 	 20 	 7 	 2 	 2 	 14747.26 	 14747.26 	 0.0000 	 241.17 
8 	 20 	 7 	 3 	 2 	 14747.17 	 14747.26 	 0.0000 	 245.98 
9 	 20 	 3 	 2 	 2 	 12849.28 	 12849.28 	 0.0000 	 238.63 
9 	 20 	 5 	 2 	 2 	 14250.95 	 14250.95 	 0.0000 	 333.66 
9 	 20 	 7 	 0 	 2 	 15507.00 	 15507.00 	 0.0000 	 0.63 
9 	 20 	 7 	 1 	 9 	 15225.97 	 15312.73 	 0.0057 	 600.00 
9 	 20 	 7 	 2 	 2 	 15312.73 	 15312.73 	 0.0000 	 367.21 
9 	 20 	 7 	 3 	 2 	 15312.73 	 15312.73 	 0.0000 	 357.84 
10 	 20 	 3 	 2 	 2 	 7104.95 	 7105.25 	 0.0000 	 205.35 
10 	 20 	 5 	 2 	 2 	 8457.01 	 8457.01 	 0.0000 	 232.10 
10 	 20 	 7 	 0 	 2 	 9717.00 	 9717.00 	 0.0000 	 0.26 
10 	 20 	 7 	 1 	 9 	 9615.50 	 9657.70 	 0.0044 	 600.01 
10 	 20 	 7 	 2 	 2 	 9657.54 	 9657.66 	 0.0000 	 264.69 
10 	 20 	 7 	 3 	 2 	 9657.06 	 9657.66 	 0.0001 	 250.62 
11 	 20 	 3 	 2 	 2 	 9694.98 	 9695.69 	 0.0001 	 227.44 
11 	 20 	 5 	 2 	 2 	 11085.15 	 11085.15 	 0.0000 	 240.77 
11 	 20 	 7 	 0 	 2 	 12382.00 	 12382.00 	 0.0000 	 0.42 
11 	 20 	 7 	 1 	 9 	 12077.17 	 12263.32 	 0.0152 	 600.02 
11 	 20 	 7 	 2 	 2 	 12263.22 	 12263.22 	 0.0000 	 489.78 
11 	 20 	 7 	 3 	 2 	 12263.22 	 12263.22 	 0.0000 	 254.88 
12 	 20 	 3 	 2 	 2 	 10962.33 	 10962.33 	 0.0000 	 180.05 
12 	 20 	 5 	 2 	 2 	 12228.70 	 12228.70 	 0.0000 	 248.91 
12 	 20 	 7 	 0 	 2 	 13278.00 	 13278.00 	 0.0000 	 0.08 
12 	 20 	 7 	 1 	 2 	 13247.41 	 13247.41 	 0.0000 	 497.85 
12 	 20 	 7 	 2 	 2 	 13247.41 	 13247.41 	 0.0000 	 185.55 
12 	 20 	 7 	 3 	 2 	 13247.41 	 13247.41 	 0.0000 	 222.14 
13 	 20 	 3 	 2 	 2 	 9636.83 	 9637.49 	 0.0001 	 198.96 
13 	 20 	 5 	 2 	 2 	 10867.70 	 10867.70 	 0.0000 	 220.65 
13 	 20 	 7 	 0 	 2 	 12105.00 	 12105.00 	 0.0000 	 0.38 
13 	 20 	 7 	 1 	 9 	 12004.27 	 12014.09 	 0.0008 	 600.01 
13 	 20 	 7 	 2 	 2 	 12014.09 	 12014.09 	 0.0000 	 198.01 
13 	 20 	 7 	 3 	 2 	 12014.09 	 12014.09 	 0.0000 	 219.71 
14 	 20 	 3 	 2 	 2 	 14273.73 	 14275.06 	 0.0001 	 258.17 
14 	 20 	 5 	 2 	 2 	 15770.76 	 15770.76 	 0.0000 	 310.26 
14 	 20 	 7 	 0 	 2 	 17149.00 	 17149.00 	 0.0000 	 0.94 
14 	 20 	 7 	 1 	 9 	 16976.97 	 16981.57 	 0.0003 	 600.00 
14 	 20 	 7 	 2 	 2 	 16979.34 	 16979.34 	 0.0000 	 353.21 
14 	 20 	 7 	 3 	 2 	 16979.34 	 16979.34 	 0.0000 	 363.16 
15 	 20 	 3 	 2 	 2 	 10886.03 	 10886.03 	 0.0000 	 227.03 
15 	 20 	 5 	 2 	 2 	 12148.09 	 12148.09 	 0.0000 	 289.22 
15 	 20 	 7 	 0 	 2 	 13469.00 	 13469.00 	 0.0000 	 0.45 
15 	 20 	 7 	 1 	 9 	 13319.49 	 13322.44 	 0.0002 	 600.02 
15 	 20 	 7 	 2 	 2 	 13319.49 	 13319.49 	 0.0000 	 326.32 
15 	 20 	 7 	 3 	 2 	 13319.49 	 13319.49 	 0.0000 	 327.87 
16 	 20 	 3 	 2 	 9 	 13014.33 	 13138.44 	 0.0094 	 600.01 
16 	 20 	 5 	 2 	 2 	 15005.71 	 15005.71 	 0.0000 	 333.11 
16 	 20 	 7 	 0 	 2 	 17005.00 	 17005.00 	 0.0000 	 7.90 
16 	 20 	 7 	 1 	 9 	 16626.74 	 16636.26 	 0.0006 	 600.02 
16 	 20 	 7 	 2 	 2 	 16629.19 	 16629.19 	 0.0000 	 359.05 
16 	 20 	 7 	 3 	 2 	 16629.19 	 16629.19 	 0.0000 	 349.80 
17 	 20 	 3 	 2 	 2 	 13358.46 	 13358.46 	 0.0000 	 240.33 
17 	 20 	 5 	 2 	 2 	 15170.96 	 15170.96 	 0.0000 	 282.54 
17 	 20 	 7 	 0 	 2 	 16914.00 	 16914.00 	 0.0000 	 1.25 
17 	 20 	 7 	 1 	 9 	 16640.20 	 16648.03 	 0.0005 	 600.01 
17 	 20 	 7 	 2 	 2 	 16646.08 	 16646.08 	 0.0000 	 368.21 
17 	 20 	 7 	 3 	 2 	 16646.08 	 16646.08 	 0.0000 	 336.56 
18 	 20 	 3 	 2 	 2 	 10058.06 	 10058.06 	 0.0000 	 175.09 
18 	 20 	 5 	 2 	 2 	 11426.12 	 11426.83 	 0.0001 	 318.40 
18 	 20 	 7 	 0 	 2 	 12769.00 	 12769.00 	 0.0000 	 0.23 
18 	 20 	 7 	 1 	 2 	 12690.28 	 12690.86 	 0.0000 	 490.22 
18 	 20 	 7 	 2 	 2 	 12690.86 	 12690.86 	 0.0000 	 338.91 
18 	 20 	 7 	 3 	 2 	 12690.86 	 12690.86 	 0.0000 	 280.65 
19 	 20 	 3 	 2 	 2 	 13024.18 	 13024.18 	 0.0000 	 266.57 
19 	 20 	 5 	 2 	 2 	 14377.05 	 14377.05 	 0.0000 	 235.09 
19 	 20 	 7 	 0 	 2 	 15709.00 	 15709.00 	 0.0000 	 0.26 
19 	 20 	 7 	 1 	 9 	 15619.60 	 15662.88 	 0.0028 	 600.02 
19 	 20 	 7 	 2 	 2 	 15662.88 	 15662.88 	 0.0000 	 283.25 
19 	 20 	 7 	 3 	 2 	 15662.88 	 15662.88 	 0.0000 	 312.01 
20 	 20 	 3 	 2 	 2 	 16193.85 	 16193.85 	 0.0000 	 227.52 
20 	 20 	 5 	 2 	 2 	 17530.85 	 17530.85 	 0.0000 	 355.62 
20 	 20 	 7 	 0 	 2 	 18898.00 	 18898.00 	 0.0000 	 1.49 
20 	 20 	 7 	 1 	 9 	 18650.27 	 18661.28 	 0.0006 	 600.09 
20 	 20 	 7 	 2 	 2 	 18657.76 	 18657.76 	 0.0000 	 406.65 
20 	 20 	 7 	 3 	 2 	 18657.76 	 18657.76 	 0.0000 	 396.36 
