instance 	 n 	 Gamma 	 Delta 	 K 	 status 	 objbound 	 objval 	 mipgap 	 runtime 
1 	 10 	 3 	 2 	 2 	 9 	  0.00 	 4461.88 	 1.0000 	 600.01 
1 	 10 	 5 	 2 	 2 	 9 	  0.00 	 4985.86 	 1.0000 	 600.03 
1 	 10 	 7 	 0 	 2 	 2 	  5369.00 	 5369.00 	 0.0000 	 0.16 
1 	 10 	 7 	 1 	 2 	 9 	  0.00 	 5369.00 	 1.0000 	 600.01 
1 	 10 	 7 	 2 	 2 	 9 	  0.00 	 5369.00 	 1.0000 	 600.01 
1 	 10 	 7 	 3 	 2 	 9 	  0.00 	 5369.00 	 1.0000 	 600.02 
2 	 10 	 3 	 2 	 2 	 9 	  0.00 	 3534.21 	 1.0000 	 600.01 
2 	 10 	 5 	 2 	 2 	 9 	  0.00 	 4377.45 	 1.0000 	 600.02 
2 	 10 	 7 	 0 	 2 	 2 	  4847.00 	 4847.00 	 0.0000 	 0.15 
2 	 10 	 7 	 1 	 2 	 9 	  0.00 	 4847.00 	 1.0000 	 600.02 
2 	 10 	 7 	 2 	 2 	 9 	  0.00 	 4847.00 	 1.0000 	 600.01 
2 	 10 	 7 	 3 	 2 	 9 	  0.00 	 4847.00 	 1.0000 	 600.01 
3 	 10 	 3 	 2 	 2 	 9 	  0.00 	 4511.49 	 1.0000 	 600.01 
3 	 10 	 5 	 2 	 2 	 9 	  0.00 	 5301.10 	 1.0000 	 600.01 
3 	 10 	 7 	 0 	 2 	 2 	  5954.00 	 5954.00 	 0.0000 	 0.66 
3 	 10 	 7 	 1 	 2 	 9 	  0.00 	 5887.07 	 1.0000 	 600.01 
3 	 10 	 7 	 2 	 2 	 9 	  0.00 	 5888.09 	 1.0000 	 600.01 
3 	 10 	 7 	 3 	 2 	 9 	  0.00 	 5890.33 	 1.0000 	 600.04 
4 	 10 	 3 	 2 	 2 	 9 	  0.00 	 4348.95 	 1.0000 	 600.02 
4 	 10 	 5 	 2 	 2 	 9 	  0.00 	 5023.66 	 1.0000 	 600.02 
4 	 10 	 7 	 0 	 2 	 2 	  5640.00 	 5640.00 	 0.0000 	 0.36 
4 	 10 	 7 	 1 	 2 	 9 	  0.00 	 5589.56 	 1.0000 	 600.02 
4 	 10 	 7 	 2 	 2 	 9 	  0.00 	 5589.56 	 1.0000 	 600.01 
4 	 10 	 7 	 3 	 2 	 9 	  0.00 	 5589.56 	 1.0000 	 600.01 
5 	 10 	 3 	 2 	 2 	 9 	  0.00 	 4733.40 	 1.0000 	 600.01 
5 	 10 	 5 	 2 	 2 	 9 	  0.00 	 5603.07 	 1.0000 	 600.02 
5 	 10 	 7 	 0 	 2 	 2 	  6342.00 	 6342.00 	 0.0000 	 0.27 
5 	 10 	 7 	 1 	 2 	 9 	  0.00 	 6300.07 	 1.0000 	 600.02 
5 	 10 	 7 	 2 	 2 	 9 	  0.00 	 6301.77 	 1.0000 	 600.02 
5 	 10 	 7 	 3 	 2 	 9 	  0.00 	 6303.03 	 1.0000 	 600.02 
6 	 10 	 3 	 2 	 2 	 9 	  0.00 	 5560.93 	 1.0000 	 600.01 
6 	 10 	 5 	 2 	 2 	 9 	  0.00 	 6007.52 	 1.0000 	 600.01 
6 	 10 	 7 	 0 	 2 	 2 	  6327.00 	 6327.00 	 0.0000 	 0.14 
6 	 10 	 7 	 1 	 2 	 9 	  0.00 	 6323.66 	 1.0000 	 600.08 
6 	 10 	 7 	 2 	 2 	 9 	  0.00 	 6323.66 	 1.0000 	 600.01 
6 	 10 	 7 	 3 	 2 	 9 	  0.00 	 6323.67 	 1.0000 	 600.10 
7 	 10 	 3 	 2 	 2 	 9 	  0.00 	 4698.89 	 1.0000 	 600.02 
7 	 10 	 5 	 2 	 2 	 9 	  0.00 	 5338.41 	 1.0000 	 600.02 
7 	 10 	 7 	 0 	 2 	 2 	  5832.00 	 5832.00 	 0.0000 	 0.23 
7 	 10 	 7 	 1 	 2 	 9 	  0.00 	 5809.16 	 1.0000 	 600.03 
7 	 10 	 7 	 2 	 2 	 9 	  0.00 	 5809.16 	 1.0000 	 600.02 
7 	 10 	 7 	 3 	 2 	 9 	  0.00 	 5809.17 	 1.0000 	 600.05 
8 	 10 	 3 	 2 	 2 	 9 	  0.00 	 3936.54 	 1.0000 	 600.01 
8 	 10 	 5 	 2 	 2 	 9 	  0.00 	 4783.69 	 1.0000 	 600.01 
8 	 10 	 7 	 0 	 2 	 2 	  5353.00 	 5353.00 	 0.0000 	 0.40 
8 	 10 	 7 	 1 	 2 	 9 	  0.00 	 5328.79 	 1.0000 	 600.01 
8 	 10 	 7 	 2 	 2 	 9 	  0.00 	 5326.21 	 1.0000 	 600.01 
8 	 10 	 7 	 3 	 2 	 9 	  0.00 	 5322.94 	 1.0000 	 600.02 
9 	 10 	 3 	 2 	 2 	 9 	  0.00 	 3936.81 	 1.0000 	 600.02 
9 	 10 	 5 	 2 	 2 	 9 	  0.00 	 4433.74 	 1.0000 	 600.01 
9 	 10 	 7 	 0 	 2 	 2 	  4939.00 	 4939.00 	 0.0000 	 0.38 
9 	 10 	 7 	 1 	 2 	 9 	  0.00 	 4896.91 	 1.0000 	 600.01 
9 	 10 	 7 	 2 	 2 	 9 	  0.00 	 4896.91 	 1.0000 	 600.02 
9 	 10 	 7 	 3 	 2 	 9 	  0.00 	 4898.61 	 1.0000 	 600.03 
10 	 10 	 3 	 2 	 2 	 9 	  0.00 	 2434.46 	 1.0000 	 600.02 
10 	 10 	 5 	 2 	 2 	 9 	  0.00 	 3104.50 	 1.0000 	 600.01 
10 	 10 	 7 	 0 	 2 	 2 	  3577.00 	 3577.00 	 0.0000 	 0.14 
10 	 10 	 7 	 1 	 2 	 9 	  0.00 	 3577.00 	 1.0000 	 600.01 
10 	 10 	 7 	 2 	 2 	 9 	  0.00 	 3576.99 	 1.0000 	 600.03 
10 	 10 	 7 	 3 	 2 	 9 	  0.00 	 3577.00 	 1.0000 	 600.01 
11 	 10 	 3 	 2 	 2 	 9 	  0.00 	 3877.77 	 1.0000 	 600.02 
11 	 10 	 5 	 2 	 2 	 9 	  0.00 	 4634.93 	 1.0000 	 600.01 
11 	 10 	 7 	 0 	 2 	 2 	  5248.62 	 5249.00 	 0.0001 	 0.29 
11 	 10 	 7 	 1 	 2 	 9 	  0.00 	 5220.93 	 1.0000 	 600.01 
11 	 10 	 7 	 2 	 2 	 9 	  0.00 	 5224.00 	 1.0000 	 600.02 
11 	 10 	 7 	 3 	 2 	 9 	  0.00 	 5221.02 	 1.0000 	 600.04 
12 	 10 	 3 	 2 	 2 	 9 	  0.00 	 3417.67 	 1.0000 	 600.02 
12 	 10 	 5 	 2 	 2 	 9 	  0.00 	 3972.81 	 1.0000 	 600.02 
12 	 10 	 7 	 0 	 2 	 2 	  4398.00 	 4398.00 	 0.0000 	 0.20 
12 	 10 	 7 	 1 	 2 	 9 	  0.00 	 4397.99 	 1.0000 	 600.01 
12 	 10 	 7 	 2 	 2 	 9 	  0.00 	 4397.99 	 1.0000 	 600.02 
12 	 10 	 7 	 3 	 2 	 9 	  0.00 	 4397.99 	 1.0000 	 600.03 
13 	 10 	 3 	 2 	 2 	 9 	  0.00 	 4595.45 	 1.0000 	 600.01 
13 	 10 	 5 	 2 	 2 	 9 	  0.00 	 5518.55 	 1.0000 	 600.01 
13 	 10 	 7 	 0 	 2 	 2 	  6333.00 	 6333.00 	 0.0000 	 0.84 
13 	 10 	 7 	 1 	 2 	 9 	  0.00 	 6223.23 	 1.0000 	 600.01 
13 	 10 	 7 	 2 	 2 	 9 	  0.00 	 6225.30 	 1.0000 	 600.04 
13 	 10 	 7 	 3 	 2 	 9 	  0.00 	 6220.17 	 1.0000 	 600.01 
14 	 10 	 3 	 2 	 2 	 9 	  0.00 	 3083.00 	 1.0000 	 600.01 
14 	 10 	 5 	 2 	 2 	 9 	  0.00 	 3324.39 	 1.0000 	 600.02 
14 	 10 	 7 	 0 	 2 	 2 	  3520.00 	 3520.00 	 0.0000 	 0.15 
14 	 10 	 7 	 1 	 2 	 9 	  0.00 	 3520.00 	 1.0000 	 600.01 
14 	 10 	 7 	 2 	 2 	 9 	  0.00 	 3520.00 	 1.0000 	 600.01 
14 	 10 	 7 	 3 	 2 	 9 	  0.00 	 3520.00 	 1.0000 	 600.01 
15 	 10 	 3 	 2 	 2 	 9 	  0.00 	 4738.71 	 1.0000 	 600.02 
15 	 10 	 5 	 2 	 2 	 9 	  0.00 	 5207.23 	 1.0000 	 600.02 
15 	 10 	 7 	 0 	 2 	 2 	  5551.00 	 5551.00 	 0.0000 	 0.15 
15 	 10 	 7 	 1 	 2 	 9 	  0.00 	 5551.00 	 1.0000 	 600.02 
15 	 10 	 7 	 2 	 2 	 9 	  0.00 	 5551.00 	 1.0000 	 600.02 
15 	 10 	 7 	 3 	 2 	 9 	  0.00 	 5551.00 	 1.0000 	 600.01 
16 	 10 	 3 	 2 	 2 	 9 	  0.00 	 3461.80 	 1.0000 	 600.02 
16 	 10 	 5 	 2 	 2 	 9 	  0.00 	 4028.96 	 1.0000 	 600.01 
16 	 10 	 7 	 0 	 2 	 2 	  4466.00 	 4466.00 	 0.0000 	 0.14 
16 	 10 	 7 	 1 	 2 	 9 	  0.00 	 4460.39 	 1.0000 	 600.01 
16 	 10 	 7 	 2 	 2 	 9 	  0.00 	 4460.40 	 1.0000 	 600.01 
16 	 10 	 7 	 3 	 2 	 9 	  0.00 	 4460.39 	 1.0000 	 600.01 
17 	 10 	 3 	 2 	 2 	 9 	  0.00 	 4031.42 	 1.0000 	 600.01 
17 	 10 	 5 	 2 	 2 	 9 	  0.00 	 4456.87 	 1.0000 	 600.01 
17 	 10 	 7 	 0 	 2 	 2 	  4817.00 	 4817.00 	 0.0000 	 0.15 
17 	 10 	 7 	 1 	 2 	 9 	  0.00 	 4817.00 	 1.0000 	 600.03 
17 	 10 	 7 	 2 	 2 	 9 	  0.00 	 4817.00 	 1.0000 	 600.05 
17 	 10 	 7 	 3 	 2 	 9 	  0.00 	 4817.00 	 1.0000 	 600.01 
18 	 10 	 3 	 2 	 2 	 9 	  0.00 	 4476.39 	 1.0000 	 600.01 
18 	 10 	 5 	 2 	 2 	 9 	  0.00 	 5167.36 	 1.0000 	 600.01 
18 	 10 	 7 	 0 	 2 	 2 	  5839.00 	 5839.00 	 0.0000 	 0.35 
18 	 10 	 7 	 1 	 2 	 9 	  0.00 	 5780.90 	 1.0000 	 600.02 
18 	 10 	 7 	 2 	 2 	 9 	  0.00 	 5782.67 	 1.0000 	 600.02 
18 	 10 	 7 	 3 	 2 	 9 	  0.00 	 5782.67 	 1.0000 	 600.02 
19 	 10 	 3 	 2 	 2 	 9 	  0.00 	 2675.59 	 1.0000 	 600.05 
19 	 10 	 5 	 2 	 2 	 9 	  0.00 	 3261.73 	 1.0000 	 600.01 
19 	 10 	 7 	 0 	 2 	 2 	  3684.00 	 3684.00 	 0.0000 	 0.16 
19 	 10 	 7 	 1 	 2 	 9 	  0.00 	 3656.61 	 1.0000 	 600.01 
19 	 10 	 7 	 2 	 2 	 9 	  0.00 	 3656.61 	 1.0000 	 600.02 
19 	 10 	 7 	 3 	 2 	 9 	  0.00 	 3656.61 	 1.0000 	 600.02 
20 	 10 	 3 	 2 	 2 	 9 	  0.00 	 2591.76 	 1.0000 	 600.03 
20 	 10 	 5 	 2 	 2 	 9 	  0.00 	 3175.32 	 1.0000 	 600.02 
20 	 10 	 7 	 0 	 2 	 2 	  3557.00 	 3557.00 	 0.0000 	 0.17 
20 	 10 	 7 	 1 	 2 	 9 	  0.00 	 3556.14 	 1.0000 	 600.02 
20 	 10 	 7 	 2 	 2 	 9 	  0.00 	 3556.14 	 1.0000 	 600.01 
20 	 10 	 7 	 3 	 2 	 9 	  0.00 	 3556.99 	 1.0000 	 600.03 
1 	 15 	 3 	 2 	 2 	 9 	  0.00 	 8195.74 	 1.0000 	 600.11 
1 	 15 	 5 	 2 	 2 	 9 	  0.00 	 9484.00 	 1.0000 	 600.03 
1 	 15 	 7 	 0 	 2 	 2 	  10419.00 	 10419.00 	 0.0000 	 2.68 
1 	 15 	 7 	 1 	 2 	 9 	  0.00 	 10369.69 	 1.0000 	 600.01 
1 	 15 	 7 	 2 	 2 	 9 	  0.00 	 10397.62 	 1.0000 	 600.03 
1 	 15 	 7 	 3 	 2 	 9 	  0.00 	 10383.77 	 1.0000 	 600.01 
2 	 15 	 3 	 2 	 2 	 9 	  0.00 	 7077.69 	 1.0000 	 600.07 
2 	 15 	 5 	 2 	 2 	 9 	  0.00 	 8388.38 	 1.0000 	 600.02 
2 	 15 	 7 	 0 	 2 	 2 	  9536.00 	 9536.00 	 0.0000 	 4.97 
2 	 15 	 7 	 1 	 2 	 9 	  0.00 	 9439.39 	 1.0000 	 600.54 
2 	 15 	 7 	 2 	 2 	 9 	  0.00 	 9448.59 	 1.0000 	 600.05 
2 	 15 	 7 	 3 	 2 	 9 	  0.00 	 9427.20 	 1.0000 	 600.04 
3 	 15 	 3 	 2 	 2 	 9 	  0.00 	 7864.12 	 1.0000 	 600.03 
3 	 15 	 5 	 2 	 2 	 9 	  0.00 	 9147.88 	 1.0000 	 600.02 
3 	 15 	 7 	 0 	 2 	 2 	  10226.00 	 10226.00 	 0.0000 	 10.85 
3 	 15 	 7 	 1 	 2 	 9 	  0.00 	 10150.51 	 1.0000 	 600.01 
3 	 15 	 7 	 2 	 2 	 9 	  0.00 	 10099.07 	 1.0000 	 600.02 
3 	 15 	 7 	 3 	 2 	 9 	  0.00 	 10124.50 	 1.0000 	 600.03 
4 	 15 	 3 	 2 	 2 	 9 	  0.00 	 10613.25 	 1.0000 	 600.02 
4 	 15 	 5 	 2 	 2 	 9 	  0.00 	 11702.22 	 1.0000 	 600.02 
4 	 15 	 7 	 0 	 2 	 2 	  12469.00 	 12469.00 	 0.0000 	 1.54 
4 	 15 	 7 	 1 	 2 	 9 	  0.00 	 12403.22 	 1.0000 	 600.04 
4 	 15 	 7 	 2 	 2 	 9 	  0.00 	 12405.68 	 1.0000 	 600.03 
4 	 15 	 7 	 3 	 2 	 9 	  0.00 	 12451.70 	 1.0000 	 600.03 
5 	 15 	 3 	 2 	 2 	 9 	  0.00 	 8022.49 	 1.0000 	 600.02 
5 	 15 	 5 	 2 	 2 	 9 	  0.00 	 9268.63 	 1.0000 	 600.03 
5 	 15 	 7 	 0 	 2 	 2 	  10298.00 	 10298.00 	 0.0000 	 1.40 
5 	 15 	 7 	 1 	 2 	 9 	  0.00 	 10291.79 	 1.0000 	 600.03 
5 	 15 	 7 	 2 	 2 	 9 	  0.00 	 10286.26 	 1.0000 	 600.03 
5 	 15 	 7 	 3 	 2 	 9 	  0.00 	 10291.33 	 1.0000 	 600.04 
6 	 15 	 3 	 2 	 2 	 9 	  0.00 	 7740.92 	 1.0000 	 600.02 
6 	 15 	 5 	 2 	 2 	 9 	  0.00 	 8679.94 	 1.0000 	 600.02 
6 	 15 	 7 	 0 	 2 	 2 	  9464.00 	 9464.00 	 0.0000 	 6.60 
6 	 15 	 7 	 1 	 2 	 9 	  0.00 	 9381.27 	 1.0000 	 600.02 
6 	 15 	 7 	 2 	 2 	 9 	  0.00 	 9399.75 	 1.0000 	 600.02 
6 	 15 	 7 	 3 	 2 	 9 	  0.00 	 9412.94 	 1.0000 	 600.03 
7 	 15 	 3 	 2 	 2 	 9 	  0.00 	 5225.31 	 1.0000 	 600.02 
7 	 15 	 5 	 2 	 2 	 9 	  0.00 	 6447.72 	 1.0000 	 600.03 
7 	 15 	 7 	 0 	 2 	 2 	  7679.00 	 7679.00 	 0.0000 	 3.01 
7 	 15 	 7 	 1 	 2 	 9 	  0.00 	 7616.70 	 1.0000 	 600.02 
7 	 15 	 7 	 2 	 2 	 9 	  0.00 	 7593.40 	 1.0000 	 600.02 
7 	 15 	 7 	 3 	 2 	 9 	  0.00 	 7603.63 	 1.0000 	 600.03 
8 	 15 	 3 	 2 	 2 	 9 	  0.00 	 6158.04 	 1.0000 	 600.02 
8 	 15 	 5 	 2 	 2 	 9 	  0.00 	 7052.55 	 1.0000 	 600.03 
8 	 15 	 7 	 0 	 2 	 2 	  7798.00 	 7798.00 	 0.0000 	 1.02 
8 	 15 	 7 	 1 	 2 	 9 	  0.00 	 7741.77 	 1.0000 	 600.04 
8 	 15 	 7 	 2 	 2 	 9 	  0.00 	 7731.38 	 1.0000 	 600.03 
8 	 15 	 7 	 3 	 2 	 9 	  0.00 	 7733.23 	 1.0000 	 600.05 
9 	 15 	 3 	 2 	 2 	 9 	  0.00 	 6869.80 	 1.0000 	 600.02 
9 	 15 	 5 	 2 	 2 	 9 	  0.00 	 8085.58 	 1.0000 	 600.07 
9 	 15 	 7 	 0 	 2 	 2 	  9218.00 	 9218.00 	 0.0000 	 8.99 
9 	 15 	 7 	 1 	 2 	 9 	  0.00 	 9069.00 	 1.0000 	 600.06 
9 	 15 	 7 	 2 	 2 	 9 	  0.00 	 9041.01 	 1.0000 	 600.03 
9 	 15 	 7 	 3 	 2 	 9 	  0.00 	 9063.61 	 1.0000 	 600.03 
10 	 15 	 3 	 2 	 2 	 9 	  0.00 	 8462.41 	 1.0000 	 600.03 
10 	 15 	 5 	 2 	 2 	 9 	  0.00 	 9104.00 	 1.0000 	 600.01 
10 	 15 	 7 	 0 	 2 	 2 	  9561.00 	 9561.00 	 0.0000 	 0.94 
10 	 15 	 7 	 1 	 2 	 9 	  0.00 	 9527.69 	 1.0000 	 600.05 
10 	 15 	 7 	 2 	 2 	 9 	  0.00 	 9525.12 	 1.0000 	 600.02 
10 	 15 	 7 	 3 	 2 	 9 	  0.00 	 9564.00 	 1.0000 	 600.02 
11 	 15 	 3 	 2 	 2 	 9 	  0.00 	 7654.72 	 1.0000 	 600.05 
11 	 15 	 5 	 2 	 2 	 9 	  0.00 	 8789.94 	 1.0000 	 600.02 
11 	 15 	 7 	 0 	 2 	 2 	  9703.00 	 9703.00 	 0.0000 	 4.33 
11 	 15 	 7 	 1 	 2 	 9 	  0.00 	 9612.73 	 1.0000 	 600.03 
11 	 15 	 7 	 2 	 2 	 9 	  0.00 	 9615.01 	 1.0000 	 600.02 
11 	 15 	 7 	 3 	 2 	 9 	  0.00 	 9614.58 	 1.0000 	 600.03 
12 	 15 	 3 	 2 	 2 	 9 	  0.00 	 7255.00 	 1.0000 	 600.19 
12 	 15 	 5 	 2 	 2 	 9 	  0.00 	 7998.24 	 1.0000 	 600.03 
12 	 15 	 7 	 0 	 2 	 2 	  8707.00 	 8707.00 	 0.0000 	 0.81 
12 	 15 	 7 	 1 	 2 	 9 	  0.00 	 8656.43 	 1.0000 	 600.03 
12 	 15 	 7 	 2 	 2 	 9 	  0.00 	 8653.44 	 1.0000 	 600.03 
12 	 15 	 7 	 3 	 2 	 9 	  0.00 	 8727.00 	 1.0000 	 600.02 
13 	 15 	 3 	 2 	 2 	 9 	  0.00 	 4869.59 	 1.0000 	 600.04 
13 	 15 	 5 	 2 	 2 	 9 	  0.00 	 5861.16 	 1.0000 	 600.04 
13 	 15 	 7 	 0 	 2 	 2 	  6617.00 	 6617.00 	 0.0000 	 1.08 
13 	 15 	 7 	 1 	 2 	 9 	  0.00 	 6606.34 	 1.0000 	 600.02 
13 	 15 	 7 	 2 	 2 	 9 	  0.00 	 6616.98 	 1.0000 	 600.02 
13 	 15 	 7 	 3 	 2 	 9 	  0.00 	 6622.00 	 1.0000 	 600.04 
14 	 15 	 3 	 2 	 2 	 9 	  0.00 	 6100.40 	 1.0000 	 600.02 
14 	 15 	 5 	 2 	 2 	 9 	  0.00 	 7284.46 	 1.0000 	 600.03 
14 	 15 	 7 	 0 	 2 	 2 	  8232.00 	 8232.00 	 0.0000 	 1.65 
14 	 15 	 7 	 1 	 2 	 9 	  0.00 	 8182.91 	 1.0000 	 600.02 
14 	 15 	 7 	 2 	 2 	 9 	  0.00 	 8207.64 	 1.0000 	 600.21 
14 	 15 	 7 	 3 	 2 	 9 	  0.00 	 8166.61 	 1.0000 	 600.03 
15 	 15 	 3 	 2 	 2 	 9 	  0.00 	 6214.14 	 1.0000 	 600.02 
15 	 15 	 5 	 2 	 2 	 9 	  0.00 	 7135.64 	 1.0000 	 600.02 
15 	 15 	 7 	 0 	 2 	 2 	  7938.00 	 7938.00 	 0.0000 	 1.34 
15 	 15 	 7 	 1 	 2 	 9 	  0.00 	 7928.22 	 1.0000 	 600.03 
15 	 15 	 7 	 2 	 2 	 9 	  0.00 	 7924.06 	 1.0000 	 600.02 
15 	 15 	 7 	 3 	 2 	 9 	  0.00 	 7938.00 	 1.0000 	 600.03 
16 	 15 	 3 	 2 	 2 	 9 	  0.00 	 6501.42 	 1.0000 	 600.02 
16 	 15 	 5 	 2 	 2 	 9 	  0.00 	 7239.75 	 1.0000 	 600.03 
16 	 15 	 7 	 0 	 2 	 2 	  7827.00 	 7827.00 	 0.0000 	 0.56 
16 	 15 	 7 	 1 	 2 	 9 	  0.00 	 7825.11 	 1.0000 	 600.04 
16 	 15 	 7 	 2 	 2 	 9 	  0.00 	 7827.00 	 1.0000 	 600.06 
16 	 15 	 7 	 3 	 2 	 9 	  0.00 	 7827.00 	 1.0000 	 600.03 
17 	 15 	 3 	 2 	 2 	 9 	  0.00 	 6069.25 	 1.0000 	 600.14 
17 	 15 	 5 	 2 	 2 	 9 	  0.00 	 7045.00 	 1.0000 	 600.02 
17 	 15 	 7 	 0 	 2 	 2 	  7836.00 	 7836.00 	 0.0000 	 0.78 
17 	 15 	 7 	 1 	 2 	 9 	  0.00 	 7792.86 	 1.0000 	 600.01 
17 	 15 	 7 	 2 	 2 	 9 	  0.00 	 7827.46 	 1.0000 	 600.03 
17 	 15 	 7 	 3 	 2 	 9 	  0.00 	 7801.24 	 1.0000 	 600.02 
18 	 15 	 3 	 2 	 2 	 9 	  0.00 	 8201.91 	 1.0000 	 600.02 
18 	 15 	 5 	 2 	 2 	 9 	  0.00 	 9106.66 	 1.0000 	 600.04 
18 	 15 	 7 	 0 	 2 	 2 	  9863.00 	 9863.00 	 0.0000 	 1.22 
18 	 15 	 7 	 1 	 2 	 9 	  0.00 	 9802.86 	 1.0000 	 600.22 
18 	 15 	 7 	 2 	 2 	 9 	  0.00 	 9814.67 	 1.0000 	 600.02 
18 	 15 	 7 	 3 	 2 	 9 	  0.00 	 9807.44 	 1.0000 	 600.02 
19 	 15 	 3 	 2 	 2 	 9 	  0.00 	 8239.30 	 1.0000 	 600.02 
19 	 15 	 5 	 2 	 2 	 9 	  0.00 	 9194.66 	 1.0000 	 600.04 
19 	 15 	 7 	 0 	 2 	 2 	  10088.00 	 10088.00 	 0.0000 	 4.60 
19 	 15 	 7 	 1 	 2 	 9 	  0.00 	 9985.27 	 1.0000 	 600.02 
19 	 15 	 7 	 2 	 2 	 9 	  0.00 	 9972.41 	 1.0000 	 600.02 
19 	 15 	 7 	 3 	 2 	 9 	  0.00 	 9983.56 	 1.0000 	 600.02 
20 	 15 	 3 	 2 	 2 	 9 	  0.00 	 6507.43 	 1.0000 	 600.02 
20 	 15 	 5 	 2 	 2 	 9 	  0.00 	 7484.63 	 1.0000 	 600.03 
20 	 15 	 7 	 0 	 2 	 2 	  8397.00 	 8397.00 	 0.0000 	 7.18 
20 	 15 	 7 	 1 	 2 	 9 	  0.00 	 8308.08 	 1.0000 	 600.02 
20 	 15 	 7 	 2 	 2 	 9 	  0.00 	 8315.77 	 1.0000 	 600.02 
20 	 15 	 7 	 3 	 2 	 9 	  0.00 	 8397.00 	 1.0000 	 600.03 
1 	 20 	 3 	 2 	 2 	 9 	  0.00 	 11548.00 	 1.0000 	 600.37 
1 	 20 	 5 	 2 	 2 	 9 	  0.00 	 13237.63 	 1.0000 	 600.03 
1 	 20 	 7 	 0 	 2 	 2 	  14742.00 	 14742.00 	 0.0000 	 21.82 
1 	 20 	 7 	 1 	 2 	 9 	  0.00 	 14736.02 	 1.0000 	 603.85 
1 	 20 	 7 	 2 	 2 	 9 	  0.00 	 14888.12 	 1.0000 	 600.25 
1 	 20 	 7 	 3 	 2 	 9 	  0.00 	 14863.00 	 1.0000 	 600.05 
2 	 20 	 3 	 2 	 2 	 9 	  0.00 	 13020.00 	 1.0000 	 600.46 
2 	 20 	 5 	 2 	 2 	 9 	  0.00 	 14679.26 	 1.0000 	 600.53 
2 	 20 	 7 	 0 	 2 	 2 	  16244.00 	 16244.00 	 0.0000 	 360.72 
2 	 20 	 7 	 1 	 2 	 9 	  0.00 	 16257.73 	 1.0000 	 601.39 
2 	 20 	 7 	 2 	 2 	 9 	  0.00 	 16271.18 	 1.0000 	 600.02 
2 	 20 	 7 	 3 	 2 	 9 	  0.00 	 16230.75 	 1.0000 	 600.33 
3 	 20 	 3 	 2 	 2 	 9 	  0.00 	 15822.18 	 1.0000 	 600.32 
3 	 20 	 5 	 2 	 2 	 9 	  0.00 	 17724.00 	 1.0000 	 600.50 
3 	 20 	 7 	 0 	 2 	 2 	  19164.00 	 19164.00 	 0.0000 	 84.04 
3 	 20 	 7 	 1 	 2 	 9 	  0.00 	 19182.55 	 1.0000 	 600.05 
3 	 20 	 7 	 2 	 2 	 9 	  0.00 	 19224.00 	 1.0000 	 600.03 
3 	 20 	 7 	 3 	 2 	 9 	  0.00 	 19376.82 	 1.0000 	 600.09 
4 	 20 	 3 	 2 	 2 	 9 	  0.00 	 12600.27 	 1.0000 	 600.27 
4 	 20 	 5 	 2 	 2 	 9 	  0.00 	 14580.01 	 1.0000 	 600.31 
4 	 20 	 7 	 0 	 2 	 2 	  16010.87 	 16011.00 	 0.0000 	 77.56 
4 	 20 	 7 	 1 	 2 	 9 	  0.00 	 16047.03 	 1.0000 	 600.06 
4 	 20 	 7 	 2 	 2 	 9 	  0.00 	 16050.37 	 1.0000 	 600.25 
4 	 20 	 7 	 3 	 2 	 9 	  0.00 	 16056.00 	 1.0000 	 600.92 
5 	 20 	 3 	 2 	 2 	 9 	  0.00 	 8677.00 	 1.0000 	 600.02 
5 	 20 	 5 	 2 	 2 	 9 	  0.00 	 10294.00 	 1.0000 	 600.51 
5 	 20 	 7 	 0 	 2 	 2 	  11559.00 	 11559.00 	 0.0000 	 21.97 
5 	 20 	 7 	 1 	 2 	 9 	  0.00 	 11621.83 	 1.0000 	 600.01 
5 	 20 	 7 	 2 	 2 	 9 	  0.00 	 11555.58 	 1.0000 	 600.36 
5 	 20 	 7 	 3 	 2 	 9 	  0.00 	 11650.92 	 1.0000 	 600.45 
6 	 20 	 3 	 2 	 2 	 9 	  0.00 	 10553.80 	 1.0000 	 600.08 
6 	 20 	 5 	 2 	 2 	 9 	  0.00 	 12026.84 	 1.0000 	 600.15 
6 	 20 	 7 	 0 	 2 	 2 	  13412.00 	 13412.00 	 0.0000 	 171.61 
6 	 20 	 7 	 1 	 2 	 9 	  0.00 	 13457.00 	 1.0000 	 600.16 
6 	 20 	 7 	 2 	 2 	 9 	  0.00 	 13332.58 	 1.0000 	 600.70 
6 	 20 	 7 	 3 	 2 	 9 	  0.00 	 13502.56 	 1.0000 	 600.21 
7 	 20 	 3 	 2 	 2 	 9 	  0.00 	 11128.69 	 1.0000 	 600.02 
7 	 20 	 5 	 2 	 2 	 9 	  0.00 	 12651.09 	 1.0000 	 600.06 
7 	 20 	 7 	 0 	 2 	 2 	  13858.00 	 13858.00 	 0.0000 	 11.96 
7 	 20 	 7 	 1 	 2 	 9 	  0.00 	 13854.71 	 1.0000 	 600.04 
7 	 20 	 7 	 2 	 2 	 9 	  0.00 	 13866.00 	 1.0000 	 600.10 
7 	 20 	 7 	 3 	 2 	 9 	  0.00 	 13895.76 	 1.0000 	 600.18 
8 	 20 	 3 	 2 	 2 	 9 	  0.00 	 12475.00 	 1.0000 	 600.09 
8 	 20 	 5 	 2 	 2 	 9 	  0.00 	 13826.54 	 1.0000 	 600.45 
8 	 20 	 7 	 0 	 2 	 2 	  14821.00 	 14821.00 	 0.0000 	 10.23 
8 	 20 	 7 	 1 	 2 	 9 	  0.00 	 14864.50 	 1.0000 	 600.02 
8 	 20 	 7 	 2 	 2 	 9 	  0.00 	 14836.00 	 1.0000 	 600.03 
8 	 20 	 7 	 3 	 2 	 9 	  0.00 	 14894.78 	 1.0000 	 601.79 
9 	 20 	 3 	 2 	 2 	 9 	  0.00 	 12976.00 	 1.0000 	 600.01 
9 	 20 	 5 	 2 	 2 	 9 	  0.00 	 14392.50 	 1.0000 	 603.28 
9 	 20 	 7 	 0 	 2 	 2 	  15507.00 	 15507.00 	 0.0000 	 44.42 
9 	 20 	 7 	 1 	 2 	 9 	  0.00 	 15526.67 	 1.0000 	 600.66 
9 	 20 	 7 	 2 	 2 	 9 	  0.00 	 15555.48 	 1.0000 	 600.11 
9 	 20 	 7 	 3 	 2 	 9 	  0.00 	 15553.00 	 1.0000 	 601.89 
10 	 20 	 3 	 2 	 2 	 9 	  0.00 	 7167.88 	 1.0000 	 600.17 
10 	 20 	 5 	 2 	 2 	 9 	  0.00 	 8520.00 	 1.0000 	 600.10 
10 	 20 	 7 	 0 	 2 	 2 	  9717.00 	 9717.00 	 0.0000 	 12.25 
10 	 20 	 7 	 1 	 2 	 9 	  0.00 	 9762.21 	 1.0000 	 602.76 
10 	 20 	 7 	 2 	 2 	 9 	  0.00 	 9854.74 	 1.0000 	 600.11 
10 	 20 	 7 	 3 	 2 	 9 	  0.00 	 9797.92 	 1.0000 	 601.12 
11 	 20 	 3 	 2 	 2 	 9 	  0.00 	 9782.00 	 1.0000 	 600.04 
11 	 20 	 5 	 2 	 2 	 9 	  0.00 	 11150.35 	 1.0000 	 600.13 
11 	 20 	 7 	 0 	 2 	 2 	  12382.00 	 12382.00 	 0.0000 	 16.84 
11 	 20 	 7 	 1 	 2 	 9 	  0.00 	 12404.53 	 1.0000 	 600.06 
11 	 20 	 7 	 2 	 2 	 9 	  0.00 	 12326.08 	 1.0000 	 600.02 
11 	 20 	 7 	 3 	 2 	 9 	  0.00 	 12606.00 	 1.0000 	 600.60 
12 	 20 	 3 	 2 	 2 	 9 	  0.00 	 11007.50 	 1.0000 	 601.04 
12 	 20 	 5 	 2 	 2 	 9 	  0.00 	 12270.00 	 1.0000 	 600.01 
12 	 20 	 7 	 0 	 2 	 2 	  13278.00 	 13278.00 	 0.0000 	 4.01 
12 	 20 	 7 	 1 	 2 	 9 	  0.00 	 13306.33 	 1.0000 	 607.28 
12 	 20 	 7 	 2 	 2 	 9 	  0.00 	 13289.00 	 1.0000 	 600.02 
12 	 20 	 7 	 3 	 2 	 9 	  0.00 	 13278.00 	 1.0000 	 600.07 
13 	 20 	 3 	 2 	 2 	 9 	  0.00 	 9728.11 	 1.0000 	 600.03 
13 	 20 	 5 	 2 	 2 	 9 	  0.00 	 10927.00 	 1.0000 	 600.09 
13 	 20 	 7 	 0 	 2 	 2 	  12105.00 	 12105.00 	 0.0000 	 4.17 
13 	 20 	 7 	 1 	 2 	 9 	  0.00 	 12064.84 	 1.0000 	 600.02 
13 	 20 	 7 	 2 	 2 	 9 	  0.00 	 12105.00 	 1.0000 	 600.09 
13 	 20 	 7 	 3 	 2 	 9 	  0.00 	 12157.70 	 1.0000 	 602.90 
14 	 20 	 3 	 2 	 2 	 9 	  0.00 	 14368.38 	 1.0000 	 600.08 
14 	 20 	 5 	 2 	 2 	 9 	  0.00 	 15866.81 	 1.0000 	 600.03 
14 	 20 	 7 	 0 	 2 	 2 	  17149.00 	 17149.00 	 0.0000 	 134.13 
14 	 20 	 7 	 1 	 2 	 9 	  0.00 	 17071.72 	 1.0000 	 600.06 
14 	 20 	 7 	 2 	 2 	 9 	  0.00 	 17079.04 	 1.0000 	 600.18 
14 	 20 	 7 	 3 	 2 	 9 	  0.00 	 17230.09 	 1.0000 	 600.28 
15 	 20 	 3 	 2 	 2 	 9 	  0.00 	 10988.97 	 1.0000 	 600.13 
15 	 20 	 5 	 2 	 2 	 9 	  0.00 	 12302.00 	 1.0000 	 600.03 
15 	 20 	 7 	 0 	 2 	 2 	  13468.38 	 13469.00 	 0.0000 	 94.21 
15 	 20 	 7 	 1 	 2 	 9 	  0.00 	 13458.89 	 1.0000 	 604.12 
15 	 20 	 7 	 2 	 2 	 9 	  0.00 	 13579.36 	 1.0000 	 600.21 
15 	 20 	 7 	 3 	 2 	 9 	  0.00 	 13499.00 	 1.0000 	 600.98 
16 	 20 	 3 	 2 	 2 	 9 	  0.00 	 13236.88 	 1.0000 	 600.25 
16 	 20 	 5 	 2 	 2 	 9 	  0.00 	 15248.00 	 1.0000 	 600.03 
16 	 20 	 7 	 0 	 2 	 9 	  16817.64 	 17005.00 	 0.0110 	 600.05 
16 	 20 	 7 	 1 	 2 	 9 	  0.00 	 17026.78 	 1.0000 	 605.41 
16 	 20 	 7 	 2 	 2 	 9 	  0.00 	 16985.63 	 1.0000 	 600.07 
16 	 20 	 7 	 3 	 2 	 9 	  0.00 	 17129.63 	 1.0000 	 601.83 
17 	 20 	 3 	 2 	 2 	 9 	  0.00 	 13485.64 	 1.0000 	 600.01 
17 	 20 	 5 	 2 	 2 	 9 	  0.00 	 15259.96 	 1.0000 	 600.04 
17 	 20 	 7 	 0 	 2 	 2 	  16914.00 	 16914.00 	 0.0000 	 156.96 
17 	 20 	 7 	 1 	 2 	 9 	  0.00 	 16903.03 	 1.0000 	 607.69 
17 	 20 	 7 	 2 	 2 	 9 	  0.00 	 16924.46 	 1.0000 	 600.05 
17 	 20 	 7 	 3 	 2 	 9 	  0.00 	 17050.00 	 1.0000 	 600.55 
18 	 20 	 3 	 2 	 2 	 9 	  0.00 	 10116.00 	 1.0000 	 600.03 
18 	 20 	 5 	 2 	 2 	 9 	  0.00 	 11617.23 	 1.0000 	 602.29 
18 	 20 	 7 	 0 	 2 	 2 	  12769.00 	 12769.00 	 0.0000 	 7.80 
18 	 20 	 7 	 1 	 2 	 9 	  0.00 	 12810.77 	 1.0000 	 605.95 
18 	 20 	 7 	 2 	 2 	 9 	  0.00 	 12830.25 	 1.0000 	 600.07 
18 	 20 	 7 	 3 	 2 	 9 	  0.00 	 12738.09 	 1.0000 	 600.31 
19 	 20 	 3 	 2 	 2 	 9 	  0.00 	 13145.07 	 1.0000 	 600.07 
19 	 20 	 5 	 2 	 2 	 9 	  0.00 	 14524.00 	 1.0000 	 600.24 
19 	 20 	 7 	 0 	 2 	 2 	  15709.00 	 15709.00 	 0.0000 	 15.41 
19 	 20 	 7 	 1 	 2 	 9 	  0.00 	 15704.51 	 1.0000 	 607.10 
19 	 20 	 7 	 2 	 2 	 9 	  0.00 	 15709.00 	 1.0000 	 600.17 
19 	 20 	 7 	 3 	 2 	 9 	  0.00 	 15830.94 	 1.0000 	 601.57 
20 	 20 	 3 	 2 	 2 	 9 	  0.00 	 16255.00 	 1.0000 	 600.09 
20 	 20 	 5 	 2 	 2 	 9 	  0.00 	 17639.96 	 1.0000 	 600.33 
20 	 20 	 7 	 0 	 2 	 9 	  18797.66 	 18898.00 	 0.0053 	 600.04 
20 	 20 	 7 	 1 	 2 	 9 	  0.00 	 18862.57 	 1.0000 	 600.19 
20 	 20 	 7 	 2 	 2 	 9 	  0.00 	 18872.39 	 1.0000 	 600.14 
20 	 20 	 7 	 3 	 2 	 9 	  0.00 	 18931.52 	 1.0000 	 600.19 
